0 3.22266e-05 1.21805e-05 0.000391315 4.2444e-05
10 0 0 0 0
20 0 0 0 0
30 0 0 0 0
40 2.3019e-05 1.02944e-05 0.000234789 3.2877e-05
50 0.000276228 3.56609e-05 0.00166654 8.75914e-05
60 0.00175405 8.98626e-05 0.00357708 0.000128327
70 0.0050872 0.000153037 0.00495358 0.000151013
80 0.00696555 0.000179075 0.00527124 0.000155779
90 0.00730623 0.000183402 0.00507789 0.000152896
100 0.00649136 0.000172873 0.00470498 0.000147175
110 0.00585603 0.000164195 0.00412952 0.000137881
120 0.00506418 0.000152691 0.00396379 0.000135086
130 0.00444727 0.000143089 0.00350802 0.000127082
140 0.00401912 0.000136027 0.00311671 0.000119785
150 0.00368764 0.000130296 0.00297399 0.00011701
160 0.00325489 0.000122413 0.00254124 0.000108163
170 0.00300628 0.000117645 0.0023571 0.00010417
180 0.0026702 0.000110874 0.00227883 0.000102426
190 0.00256892 0.000108751 0.00197499 9.53533e-05
200 0.00255511 0.000108458 0.00196578 9.51308e-05
210 0.00207631 9.77698e-05 0.00207167 9.76593e-05
220 0.00199805 9.59094e-05 0.0018645 9.26477e-05
230 0.00207171 9.76613e-05 0.00181386 9.13809e-05
240 0.00197043 9.52441e-05 0.00162971 8.66181e-05
250 0.00173103 8.9271e-05 0.00172179 8.90314e-05
260 0.00189216 9.33335e-05 0.00145937 8.19666e-05
270 0.00163895 8.68643e-05 0.0014962 8.29944e-05
280 0.00159752 8.57593e-05 0.00142715 8.10566e-05
290 0.00155148 8.45145e-05 0.00156526 8.48881e-05
300 0.00150084 8.31238e-05 0.00139953 8.02683e-05
310 0.00152386 8.37588e-05 0.00148239 8.26105e-05
320 0.0014548 8.18389e-05 0.00145017 8.17076e-05
330 0.00140876 8.05336e-05 0.00128443 7.6897e-05
340 0.00139495 8.01379e-05 0.00128443 7.6897e-05
350 0.00135352 7.89387e-05 0.00115093 7.27909e-05
360 0.00139495 8.01379e-05 0.00132587 7.81274e-05
370 0.00119699 7.4234e-05 0.00118315 7.3803e-05
380 0.00131208 7.77211e-05 0.00115093 7.27909e-05
390 0.00116476 7.32279e-05 0.00109108 7.08731e-05
400 0.00123842 7.55079e-05 0.00112791 7.20593e-05
410 0.00126144 7.62064e-05 0.00102202 6.85936e-05
420 0.00123382 7.53674e-05 0.0011141 7.16168e-05
430 0.00118318 7.38045e-05 0.00108187 7.05734e-05
440 0.0010911 7.08746e-05 0.00102202 6.85936e-05
450 0.00112793 7.20609e-05 0.00106806 7.01215e-05
460 0.00108189 7.05749e-05 0.000966778 6.6714e-05
470 0.00127065 7.64841e-05 0.00103123 6.89019e-05
480 0.0010957 7.1024e-05 0.0009944 6.76603e-05
490 0.00118778 7.3948e-05 0.000929948 6.54309e-05
500 0.00107729 7.04246e-05 0.000975985 6.70309e-05
510 0.00106808 7.0123e-05 0.000989796 6.75035e-05
520 0.00115555 7.29379e-05 0.000952967 6.62358e-05
530 0.00119238 7.40911e-05 0.00095757 6.63955e-05
540 0.00107269 7.0274e-05 0.000893118 6.41222e-05
550 0.00104046 6.92103e-05 0.000980589 6.71888e-05
560 0.00118318 7.38045e-05 0.000952967 6.62358e-05
570 0.00119238 7.40911e-05 0.000966778 6.6714e-05
580 0.00113714 7.23544e-05 0.000925344 6.52688e-05
590 0.00111412 7.16183e-05 0.000962174 6.6555e-05
600 0.00127525 7.66225e-05 0.000962174 6.6555e-05
610 0.00136733 7.93404e-05 0.000943759 6.5915e-05
620 0.00139495 8.01379e-05 0.000975985 6.70309e-05
630 0.00139495 8.01379e-05 0.000971381 6.68727e-05
640 0.00128906 7.70363e-05 0.00106806 7.01215e-05
650 0.00128906 7.70363e-05 0.00112791 7.20593e-05
660 0.00142257 8.09274e-05 0.000902326 6.44518e-05
670 0.0012062 7.4519e-05 0.00104964 6.95144e-05
680 0.0015745 8.51392e-05 0.000980589 6.71888e-05
690 0.00138114 7.97402e-05 0.00103123 6.89019e-05
700 0.00139956 8.027e-05 0.000985192 6.73464e-05
710 0.00136272 7.92068e-05 0.000999004 6.78168e-05
720 0.00135352 7.89387e-05 0.000888514 6.39567e-05
730 0.00159291 8.56356e-05 0.00106806 7.01215e-05
740 0.0015745 8.51392e-05 0.00107727 7.04231e-05
750 0.0014548 8.18389e-05 0.000888515 6.39567e-05
760 0.00142718 8.10583e-05 0.0011141 7.16168e-05
770 0.00159291 8.56356e-05 0.00104044 6.92088e-05
780 0.00127986 7.67607e-05 0.00106806 7.01215e-05
790 0.00135352 7.89387e-05 0.000985192 6.73464e-05
800 0.00138114 7.97402e-05 0.00105885 6.98186e-05
810 0.00140416 8.04019e-05 0.00105425 6.96667e-05
820 0.0013351 7.83999e-05 0.00101742 6.8439e-05
830 0.0013305 7.82646e-05 0.00100821 6.81286e-05
840 0.00136272 7.92068e-05 0.00109568 7.10225e-05
850 0.00129827 7.73109e-05 0.00108647 7.07234e-05
860 0.00122461 7.50857e-05 0.00102663 6.87479e-05
870 0.00129367 7.71737e-05 0.00103123 6.89019e-05
880 0.00127986 7.67607e-05 0.00115093 7.27909e-05
890 0.00122001 7.49444e-05 0.00100361 6.79729e-05
900 0.00126144 7.62064e-05 0.00107727 7.04231e-05
910 0.00127986 7.67607e-05 0.00101742 6.8439e-05
920 0.00110491 7.13218e-05 0.00105885 6.98186e-05
930 0.00112793 7.20609e-05 0.000999003 6.78168e-05
940 0.00116016 7.30831e-05 0.00101281 6.8284e-05
950 0.00126605 7.63454e-05 0.000916137 6.49432e-05
960 0.00129367 7.71737e-05 0.000929948 6.54309e-05
970 0.00118778 7.3948e-05 0.00107266 7.02725e-05
980 0.00114174 7.25007e-05 0.000943759 6.5915e-05
990 0.00103125 6.89034e-05 0.00101281 6.82839e-05
1000 0.00110031 7.1173e-05 0.00100821 6.81286e-05
1010 0.00105427 6.96681e-05 0.00107727 7.04231e-05
1020 0.00115095 7.27925e-05 0.000943759 6.5915e-05
1030 0.00124303 7.56481e-05 0.000796441 6.05523e-05
1040 0.0010865 7.07249e-05 0.00100821 6.81286e-05
1050 0.00111872 7.17661e-05 0.0011187 7.17646e-05
1060 0.00129827 7.73109e-05 0.000989796 6.75035e-05
1070 0.00107729 7.04246e-05 0.00103123 6.89019e-05
1080 0.00115095 7.27925e-05 0.000975985 6.70309e-05
1090 0.00115555 7.29379e-05 0.000966778 6.6714e-05
1100 0.00107269 7.0274e-05 0.000851685 6.26171e-05
1110 0.00107269 7.0274e-05 0.000888515 6.39567e-05
1120 0.00118778 7.3948e-05 0.000989796 6.75035e-05
1130 0.00107269 7.0274e-05 0.00100821 6.81286e-05
1140 0.000952987 6.62371e-05 0.00106806 7.01215e-05
1150 0.00116476 7.32279e-05 0.0011141 7.16168e-05
1160 0.00102204 6.85951e-05 0.000939156 6.5754e-05
1170 0.00110952 7.14702e-05 0.000874703 6.34577e-05
1180 0.00104967 6.95159e-05 0.000837874 6.21073e-05
1190 0.00106348 6.99717e-05 0.000851685 6.26171e-05
1200 0.00105427 6.96681e-05 0.000851685 6.26171e-05
1210 0.00102204 6.85951e-05 0.000796441 6.05523e-05
1220 0.000962194 6.65564e-05 0.000934552 6.55927e-05
1230 0.00104046 6.92103e-05 0.000819459 6.14211e-05
1240 0.00095759 6.63969e-05 0.000828666 6.17652e-05
1250 0.000976006 6.70323e-05 0.000975985 6.70309e-05
1260 0.00106348 6.99717e-05 0.00070897 5.71304e-05
1270 0.000916156 6.49446e-05 0.000999003 6.78168e-05
1280 0.0010911 7.08746e-05 0.000773422 5.96708e-05
1290 0.000934571 6.5594e-05 0.000690555 5.63836e-05
1300 0.000966798 6.67154e-05 0.000837874 6.21073e-05
1310 0.000851703 6.26184e-05 0.000851685 6.26171e-05
1320 0.000980609 6.71902e-05 0.000883911 6.37908e-05
1330 0.000879326 6.36258e-05 0.000704366 5.69447e-05
1340 0.000856307 6.27875e-05 0.000718178 5.75002e-05
1350 0.000943779 6.59164e-05 0.000828667 6.17652e-05
1360 0.000851703 6.26184e-05 0.000865496 6.31228e-05
1370 0.000837892 6.21087e-05 0.000755007 5.89562e-05
1380 0.000976005 6.70323e-05 0.000828666 6.17652e-05
1390 0.000722797 5.76854e-05 0.000704367 5.69447e-05
1400 0.000934571 6.5594e-05 0.000612292 5.30925e-05
1410 0.000856307 6.27875e-05 0.000649122 5.46659e-05
1420 0.000939175 6.57554e-05 0.000639915 5.42769e-05
1430 0.000810269 6.10763e-05 0.000768818 5.9493e-05
1440 0.000819476 6.14223e-05 0.000713574 5.73156e-05
1450 0.000828684 6.17665e-05 0.000690555 5.63836e-05
1460 0.000851703 6.26185e-05 0.000662933 5.52444e-05
1470 0.000860911 6.2956e-05 0.0006215 5.34902e-05
1480 0.000768835 5.94942e-05 0.000662933 5.52444e-05
1490 0.000989817 6.7505e-05 0.0006215 5.34902e-05
1500 0.000860911 6.2956e-05 0.000589274 5.2085e-05
1510 0.000929968 6.54323e-05 0.000676744 5.58169e-05
1520 0.00082408 6.15946e-05 0.000690555 5.63836e-05
1530 0.000764231 5.93158e-05 0.000635311 5.40813e-05
1540 0.00078725 6.02025e-05 0.000699763 5.67583e-05
1550 0.00078725 6.02025e-05 0.000630707 5.3885e-05
1560 0.000833288 6.19378e-05 0.000741196 5.84144e-05
1570 0.0007274 5.78689e-05 0.000561652 5.08496e-05
1580 0.00069057 5.63848e-05 0.000524822 4.91541e-05
1590 0.0007274 5.78689e-05 0.000469578 4.64951e-05
1600 0.000745816 5.85968e-05 0.000543237 5.0009e-05
1610 0.000764231 5.93158e-05 0.000653726 5.48595e-05
1620 0.000856307 6.27875e-05 0.000616896 5.32917e-05
1630 0.0007274 5.78689e-05 0.000593878 5.2288e-05
1640 0.000685966 5.61965e-05 0.000612292 5.30925e-05
1650 0.000667551 5.54371e-05 0.000593878 5.2288e-05
1660 0.000745816 5.85968e-05 0.00053403 4.95834e-05
1670 0.000681362 5.60076e-05 0.000543237 5.0009e-05
1680 0.000672155 5.56279e-05 0.000566255 5.10575e-05
1690 0.000630721 5.38861e-05 0.000607689 5.28925e-05
1700 0.000695174 5.65724e-05 0.000543237 5.0009e-05
1710 0.000695174 5.65724e-05 0.000501804 4.80641e-05
1720 0.000580079 5.16775e-05 0.000575463 5.1471e-05
1730 0.000607702 5.28936e-05 0.000538633 4.97967e-05
1740 0.00069057 5.63848e-05 0.000529426 4.93692e-05
1750 0.000704381 5.69459e-05 0.000469578 4.64951e-05
1760 0.000713589 5.73168e-05 0.000501804 4.80641e-05
1770 0.000681362 5.60076e-05 0.000515615 4.8721e-05
1780 0.000649136 5.46671e-05 0.000511011 4.8503e-05
1790 0.000570871 5.12658e-05 0.00053403 4.95834e-05
1800 0.000649136 5.46671e-05 0.0004972 4.78431e-05
1810 0.000570871 5.12657e-05 0.000451163 4.55743e-05
1820 0.000534041 4.95844e-05 0.00040973 4.34312e-05
1830 0.000575475 5.1472e-05 0.000418937 4.39165e-05
1840 0.000621513 5.34913e-05 0.0004972 4.78431e-05
1850 0.000570871 5.12657e-05 0.000506407 4.8284e-05
1860 0.000575475 5.1472e-05 0.000418937 4.39165e-05
1870 0.000589286 5.2086e-05 0.000349881 4.01342e-05
1880 0.000570871 5.12657e-05 0.000441955 4.51069e-05
1890 0.000584682 5.18822e-05 0.000487993 4.7398e-05
1900 0.000437361 4.48723e-05 0.000418937 4.39165e-05
1910 0.000603098 5.26929e-05 0.000418937 4.39165e-05
1920 0.000543248 5.00101e-05 0.000437352 4.48713e-05
1930 0.000464984 4.62676e-05 0.000395918 4.2693e-05
1940 0.000483399 4.71749e-05 0.000377504 4.16883e-05
1950 0.000598494 5.24914e-05 0.000418937 4.39165e-05
1960 0.000580079 5.16775e-05 0.000414333 4.36746e-05
1970 0.000529437 4.93702e-05 0.000441956 4.51069e-05
1980 0.000520229 4.89391e-05 0.000446559 4.53412e-05
1990 0.000524833 4.91551e-05 0.000428144 4.43965e-05
2000 0.000524833 4.91551e-05 0.000428144 4.43965e-05
