0 6.9057e-05 1.78304e-05 0.000354485 4.03973e-05
10 0 0 0 0
20 0 0 0 0
30 0 0 0 0
40 3.22266e-05 1.21805e-05 0.000225581 3.22259e-05
50 0.000317662 3.8242e-05 0.00162511 8.64957e-05
60 0.00184152 9.2076e-05 0.00348961 0.000126748
70 0.0052069 0.000154827 0.00483389 0.000149177
80 0.00711287 0.000180959 0.00512392 0.000153587
90 0.00742593 0.000184899 0.00495819 0.000151083
100 0.00662947 0.000174702 0.00456687 0.000144998
110 0.00596192 0.000165673 0.00402364 0.000136102
120 0.00516086 0.000154141 0.00386711 0.000133428
130 0.0044841 0.00014368 0.00347119 0.000126413
140 0.00407436 0.000136958 0.00306146 0.000118718
150 0.00370606 0.000130621 0.00295558 0.000116647
160 0.00329172 0.000123103 0.00250441 0.000107376
170 0.00307073 0.000118899 0.00229264 0.000102736
180 0.00257813 0.000108946 0.00237091 0.000104475
190 0.00250447 0.000107378 0.00203944 9.68967e-05
200 0.00253209 0.000107969 0.0019888 9.56862e-05
210 0.00212696 9.89549e-05 0.00202103 9.64583e-05
220 0.00207171 9.76613e-05 0.00179084 9.07992e-05
230 0.00216379 9.9808e-05 0.00172178 8.90314e-05
240 0.00205329 9.72263e-05 0.00154684 8.43873e-05
250 0.00177707 9.04503e-05 0.00167575 8.78331e-05
260 0.00182771 9.17301e-05 0.00152383 8.3757e-05
270 0.00162514 8.64975e-05 0.00151001 8.33766e-05
280 0.00164356 8.69862e-05 0.00138111 7.97385e-05
290 0.00162975 8.662e-05 0.001487 8.27387e-05
300 0.0015791 8.52636e-05 0.00132126 7.79917e-05
310 0.00164816 8.7108e-05 0.00135809 7.90712e-05
320 0.00151005 8.33784e-05 0.00139492 8.01362e-05
330 0.00142257 8.09274e-05 0.00127062 7.64825e-05
340 0.00143639 8.13193e-05 0.001243 7.56466e-05
350 0.0013351 7.83999e-05 0.00116934 7.3371e-05
360 0.00144099 8.14495e-05 0.00127983 7.67591e-05
370 0.00129367 7.71737e-05 0.00108647 7.07234e-05
380 0.00133971 7.85349e-05 0.0011233 7.19121e-05
390 0.00115555 7.29379e-05 0.00110029 7.11715e-05
400 0.00127986 7.67607e-05 0.00108647 7.07234e-05
410 0.00129827 7.7311e-05 0.000985192 6.73464e-05
420 0.00119699 7.4234e-05 0.00115093 7.27909e-05
430 0.00128906 7.70363e-05 0.000975985 6.70309e-05
440 0.00114635 7.26467e-05 0.000966778 6.6714e-05
450 0.00112333 7.19137e-05 0.00107266 7.02725e-05
460 0.00116936 7.33725e-05 0.000879307 6.36244e-05
470 0.0013351 7.83999e-05 0.000966777 6.6714e-05
480 0.00114174 7.25007e-05 0.000948363 6.60756e-05
490 0.00117397 7.35168e-05 0.000943759 6.5915e-05
500 0.00106348 6.99717e-05 0.000989796 6.75035e-05
510 0.0010911 7.08746e-05 0.000966778 6.6714e-05
520 0.00116016 7.30831e-05 0.000948363 6.60756e-05
530 0.00117397 7.35168e-05 0.000975985 6.70309e-05
540 0.00103585 6.9057e-05 0.000929948 6.54309e-05
550 0.00108189 7.05749e-05 0.000939155 6.5754e-05
560 0.00116937 7.33725e-05 0.000966778 6.6714e-05
570 0.00119238 7.40912e-05 0.000966777 6.6714e-05
580 0.00112333 7.19136e-05 0.000939155 6.5754e-05
590 0.00113253 7.22078e-05 0.000943759 6.5915e-05
600 0.00126144 7.62065e-05 0.000975985 6.70309e-05
610 0.00136733 7.93404e-05 0.000943759 6.5915e-05
620 0.00139495 8.01379e-05 0.000975985 6.70309e-05
630 0.00142257 8.09274e-05 0.000943759 6.5915e-05
640 0.00131669 7.78573e-05 0.00104044 6.92088e-05
650 0.00127986 7.67607e-05 0.00113711 7.23529e-05
660 0.00142257 8.09274e-05 0.000902326 6.44518e-05
670 0.00128446 7.68986e-05 0.000971381 6.68726e-05
680 0.0015745 8.51392e-05 0.000980589 6.71888e-05
690 0.00142718 8.10583e-05 0.000985192 6.73464e-05
700 0.00139956 8.027e-05 0.000985193 6.73464e-05
710 0.00140416 8.04019e-05 0.00095757 6.63956e-05
720 0.00139035 8.00055e-05 0.000851685 6.26171e-05
730 0.00162054 8.63749e-05 0.00104044 6.92088e-05
740 0.00158831 8.55118e-05 0.00106346 6.99702e-05
750 0.0014548 8.18389e-05 0.000888515 6.39567e-05
760 0.00147322 8.23553e-05 0.00106806 7.01215e-05
770 0.00158371 8.53878e-05 0.00104964 6.95144e-05
780 0.00129367 7.71737e-05 0.00105425 6.96667e-05
790 0.00134431 7.86698e-05 0.0009944 6.76603e-05
800 0.00134431 7.86698e-05 0.00109568 7.10225e-05
810 0.00138574 7.98729e-05 0.00107266 7.02725e-05
820 0.00128446 7.68986e-05 0.00106806 7.01215e-05
830 0.00134431 7.86698e-05 0.0009944 6.76603e-05
840 0.00134891 7.88044e-05 0.00110949 7.14687e-05
850 0.00131208 7.77211e-05 0.00107266 7.02725e-05
860 0.00122461 7.50857e-05 0.00102663 6.8748e-05
870 0.00130748 7.75846e-05 0.00101742 6.8439e-05
880 0.00132129 7.79933e-05 0.00110949 7.14687e-05
890 0.00122001 7.49444e-05 0.00100361 6.79729e-05
900 0.00126605 7.63454e-05 0.00107266 7.02725e-05
910 0.00127065 7.64841e-05 0.00102663 6.87479e-05
920 0.00106808 7.0123e-05 0.00109568 7.10225e-05
930 0.00110952 7.14702e-05 0.00101742 6.8439e-05
940 0.00116476 7.32279e-05 0.00100821 6.81286e-05
950 0.00126605 7.63454e-05 0.000916137 6.49432e-05
960 0.00126144 7.62064e-05 0.000962174 6.6555e-05
970 0.00118318 7.38045e-05 0.00107727 7.04231e-05
980 0.00113253 7.22078e-05 0.000952966 6.62357e-05
990 0.00105427 6.96681e-05 0.000989796 6.75035e-05
1000 0.00112793 7.20609e-05 0.000980589 6.71888e-05
1010 0.00105887 6.98201e-05 0.00107266 7.02725e-05
1020 0.00116937 7.33725e-05 0.000925344 6.52687e-05
1030 0.00125223 7.59278e-05 0.000787233 6.02012e-05
1040 0.0010911 7.08746e-05 0.00100361 6.79729e-05
1050 0.00116937 7.33725e-05 0.00106806 7.01215e-05
1060 0.00130288 7.74479e-05 0.000985192 6.73464e-05
1070 0.00112793 7.20609e-05 0.000980589 6.71888e-05
1080 0.00117397 7.35168e-05 0.000952966 6.62357e-05
1090 0.00116016 7.30831e-05 0.000962174 6.6555e-05
1100 0.00108189 7.05749e-05 0.000842478 6.22777e-05
1110 0.00105887 6.98201e-05 0.000902326 6.44518e-05
1120 0.00113714 7.23544e-05 0.00104044 6.92088e-05
1130 0.00107269 7.0274e-05 0.00100821 6.81286e-05
1140 0.000962194 6.65564e-05 0.00105885 6.98186e-05
1150 0.00119699 7.4234e-05 0.00108187 7.05734e-05
1160 0.00102204 6.85951e-05 0.000939155 6.5754e-05
1170 0.0010911 7.08746e-05 0.000893118 6.41222e-05
1180 0.00105427 6.96681e-05 0.00083327 6.19365e-05
1190 0.00107269 7.0274e-05 0.000842478 6.22777e-05
1200 0.00106348 6.99717e-05 0.000842478 6.22777e-05
1210 0.00101284 6.82854e-05 0.000805648 6.09013e-05
1220 0.000976006 6.70323e-05 0.000920741 6.51062e-05
1230 0.00101744 6.84404e-05 0.000842478 6.22777e-05
1240 0.000966798 6.67154e-05 0.000819459 6.14211e-05
1250 0.000976006 6.70323e-05 0.000975985 6.70309e-05
1260 0.00106348 6.99717e-05 0.00070897 5.71304e-05
1270 0.000911553 6.47812e-05 0.00100361 6.79729e-05
1280 0.00111412 7.16183e-05 0.000750404 5.87761e-05
1290 0.000943779 6.59164e-05 0.000681348 5.60065e-05
1300 0.000952987 6.62371e-05 0.000851685 6.26171e-05
1310 0.000856307 6.27875e-05 0.000847081 6.24477e-05
1320 0.00100823 6.813e-05 0.000856289 6.27861e-05
1330 0.000888533 6.3958e-05 0.000695159 5.65712e-05
1340 0.000870118 6.32918e-05 0.000704367 5.69447e-05
1350 0.000939175 6.57554e-05 0.00083327 6.19365e-05
1360 0.000851703 6.26184e-05 0.000865496 6.31228e-05
1370 0.000828684 6.17665e-05 0.000764215 5.93146e-05
1380 0.000976005 6.70323e-05 0.000828666 6.17652e-05
1390 0.000745816 5.85968e-05 0.000681348 5.60065e-05
1400 0.000925364 6.52701e-05 0.0006215 5.34902e-05
1410 0.000856307 6.27875e-05 0.000649122 5.46659e-05
1420 0.000939175 6.57554e-05 0.000639915 5.42769e-05
1430 0.000814872 6.12496e-05 0.000764215 5.93146e-05
1440 0.000837892 6.21087e-05 0.000695159 5.65712e-05
1450 0.00082408 6.15946e-05 0.000695159 5.65712e-05
1460 0.000833288 6.19378e-05 0.000681348 5.60065e-05
1470 0.000847099 6.2449e-05 0.000635311 5.40813e-05
1480 0.000773438 5.96721e-05 0.00065833 5.50523e-05
1490 0.000999025 6.78182e-05 0.000612292 5.30925e-05
1500 0.000851703 6.26184e-05 0.000598481 5.24903e-05
1510 0.000929968 6.54323e-05 0.000676744 5.58169e-05
1520 0.00082408 6.15946e-05 0.000690555 5.63836e-05
1530 0.000755023 5.89574e-05 0.000644518 5.44717e-05
1540 0.000805665 6.09025e-05 0.000681348 5.60065e-05
1550 0.000791854 6.03783e-05 0.000626104 5.36879e-05
1560 0.000851703 6.26185e-05 0.000722781 5.76842e-05
1570 0.0007274 5.78689e-05 0.000561652 5.08496e-05
1580 0.000713589 5.73168e-05 0.000501804 4.80641e-05
1590 0.000732004 5.80517e-05 0.000464974 4.62666e-05
1600 0.000722797 5.76854e-05 0.000566256 5.10575e-05
1610 0.000764231 5.93158e-05 0.000653726 5.48595e-05
1620 0.000860911 6.2956e-05 0.000612292 5.30925e-05
1630 0.000741212 5.84157e-05 0.000580067 5.16764e-05
1640 0.000699778 5.67595e-05 0.000598481 5.24903e-05
1650 0.000676759 5.58181e-05 0.00058467 5.18811e-05
1660 0.000745816 5.85968e-05 0.00053403 4.95834e-05
1670 0.000672155 5.56279e-05 0.000552444 5.0431e-05
1680 0.000685966 5.61965e-05 0.000552444 5.0431e-05
1690 0.000630721 5.38861e-05 0.000607689 5.28925e-05
1700 0.000695174 5.65724e-05 0.000543237 5.0009e-05
1710 0.000699778 5.67595e-05 0.0004972 4.78431e-05
1720 0.000589286 5.20861e-05 0.000566255 5.10575e-05
1730 0.000621513 5.34913e-05 0.000524822 4.91541e-05
1740 0.000699777 5.67595e-05 0.000520218 4.8938e-05
1750 0.000704381 5.69459e-05 0.000469578 4.64951e-05
1760 0.000708985 5.71316e-05 0.000506407 4.8284e-05
1770 0.000672155 5.56279e-05 0.000524822 4.91541e-05
1780 0.000649136 5.46671e-05 0.000511011 4.8503e-05
1790 0.000570871 5.12658e-05 0.00053403 4.95834e-05
1800 0.000658343 5.50534e-05 0.000487993 4.7398e-05
1810 0.000575475 5.1472e-05 0.000446559 4.53412e-05
1820 0.000538645 4.97977e-05 0.000405126 4.31866e-05
1830 0.000580079 5.16775e-05 0.000414333 4.36746e-05
1840 0.000626117 5.36891e-05 0.000492596 4.76211e-05
1850 0.000570871 5.12657e-05 0.000506407 4.8284e-05
1860 0.000566267 5.10586e-05 0.000428144 4.43965e-05
1870 0.000603098 5.26929e-05 0.00033607 3.93341e-05
1880 0.000570871 5.12657e-05 0.000441955 4.51069e-05
1890 0.000603098 5.26929e-05 0.000469578 4.64951e-05
1900 0.000446569 4.53422e-05 0.000409729 4.34312e-05
1910 0.000580079 5.16775e-05 0.000441955 4.51069e-05
1920 0.00055706 5.06418e-05 0.000423541 4.41572e-05
1930 0.000464984 4.62676e-05 0.000395918 4.2693e-05
1940 0.000469588 4.64961e-05 0.000391315 4.2444e-05
1950 0.000612305 5.30936e-05 0.000405126 4.31866e-05
1960 0.000584683 5.18822e-05 0.00040973 4.34312e-05
1970 0.000538644 4.97977e-05 0.000432748 4.46346e-05
1980 0.000538645 4.97977e-05 0.000428144 4.43965e-05
1990 0.000534041 4.95844e-05 0.000418937 4.39165e-05
2000 0.000534041 4.95844e-05 0.000418937 4.39165e-05
