E bin	Re	Re_er	Rw	Rw_er	Re_1	Re_1er	Rw_1	Rw_1er	Re_2	Re_2er	Rw_2	Rw_2er	
1	0.0002783	0.0002756	0.000101	0.0002682	1.578e-05	0.0002632	1.344e-05	0.0002621	8.739e-06	0.0002623	0	0.0002616
2	0.002001	0.0003349	0.0002055	0.0002712	1.322e-05	0.0002624	1.847e-05	0.0002621	0	0.0002618	0	0.0002616
3	0.01392	0.0005495	0.00341	0.0003688	1.816e-05	0.0002625	6.163e-05	0.000266	3.436e-05	0.0002631	5.807e-06	0.0002618
4	0.02171	0.0006258	0.01336	0.0005416	4.338e-05	0.0002635	6.652e-06	0.0002617	0.0003619	0.0002766	0.0001086	0.0002666
5	0.02055	0.0006177	0.01632	0.0005808	4.03e-05	0.0002632	5.254e-05	0.0002635	0.0006277	0.0002845	0.0002828	0.0002716
6	0.01627	0.0005743	0.01448	0.0005579	9.643e-05	0.0002664	8.163e-05	0.0002648	0.0007833	0.000294	0.000609	0.0002839
7	0.01273	0.0005335	0.01157	0.0005169	0.0001615	0.0002686	0.0001069	0.0002654	0.0009877	0.0002998	0.0008263	0.000294
8	0.01167	0.0005152	0.00945	0.0004844	0.0003801	0.0002793	0.0001758	0.0002689	0.0008907	0.000297	0.0007324	0.0002924
9	0.009623	0.0004851	0.009222	0.000482	0.0005644	0.000286	0.0003903	0.0002773	0.0008957	0.0002992	0.0005055	0.0002829
10	0.008951	0.0004783	0.00842	0.0004686	0.0005262	0.0002828	0.00058	0.000284	0.0007577	0.0002923	0.000569	0.0002851
11	0.0078	0.0004577	0.008056	0.0004618	0.0006186	0.0002876	0.0005328	0.0002829	0.0006701	0.0002873	0.000607	0.0002869
12	0.007315	0.0004496	0.007418	0.0004511	0.0006662	0.0002873	0.0005767	0.0002862	0.0006457	0.0002886	0.0004731	0.000282
13	0.006846	0.0004421	0.007007	0.0004432	0.0007857	0.0002944	0.000884	0.0002979	0.0004979	0.0002824	0.0003864	0.0002768
14	0.006437	0.0004317	0.007133	0.0004474	0.0007312	0.0002909	0.0009651	0.0003008	0.0005888	0.0002886	0.0004319	0.0002816
15	0.006405	0.0004339	0.006919	0.0004416	0.0009659	0.0003003	0.0008039	0.0002958	0.0004659	0.0002812	0.0004267	0.0002814
16	0.005894	0.0004223	0.006577	0.0004366	0.0007315	0.0002904	0.0007952	0.0002936	0.0004891	0.0002831	0.0003679	0.0002774
17	0.005408	0.0004124	0.00559	0.0004169	0.0009078	0.0002989	0.0008279	0.0002953	0.0003857	0.0002777	0.0002858	0.0002746
18	0.005799	0.0004216	0.006077	0.0004279	0.0008763	0.0002952	0.0009298	0.0002996	0.0005524	0.0002866	0.0003169	0.0002761
19	0.005237	0.0004095	0.005846	0.0004213	0.000931	0.0003005	0.001132	0.0003063	0.000367	0.0002762	0.0003159	0.0002765
20	0.005375	0.0004121	0.005416	0.0004124	0.0008463	0.0002969	0.000812	0.000291	0.0003145	0.0002758	0.0001697	0.0002684
21	0.005056	0.000405	0.005597	0.0004177	0.0009414	0.0003004	0.001271	0.0003129	0.0002371	0.0002711	0.0002502	0.0002742
22	0.005613	0.0004192	0.005163	0.0004081	0.0008613	0.0002981	0.001051	0.0003044	0.0002506	0.0002728	0.0002346	0.0002706
23	0.005511	0.0004156	0.005687	0.0004207	0.0007756	0.0002935	0.0009107	0.0002983	0.000299	0.0002742	0.0002724	0.0002753
24	0.005624	0.0004179	0.005455	0.0004147	0.0008577	0.0002957	0.00116	0.0003091	0.0003552	0.0002787	0.0001772	0.000269
25	0.006276	0.0004326	0.005764	0.0004222	0.0008531	0.0002959	0.001143	0.0003079	0.0003165	0.0002768	0.0002116	0.0002725
26	0.006076	0.0004288	0.006075	0.0004261	0.0008322	0.0002966	0.001303	0.0003124	0.000189	0.0002693	0.0001428	0.0002675
27	0.006707	0.0004395	0.005913	0.0004243	0.000894	0.0002945	0.001047	0.0003044	0.0002973	0.0002769	0.0001892	0.0002707
28	0.006246	0.0004301	0.006533	0.0004366	0.0009065	0.0002988	0.001044	0.0003049	0.0002886	0.0002739	0.0001502	0.0002675
29	0.006447	0.0004331	0.00693	0.0004441	0.0007327	0.0002906	0.001253	0.0003134	0.0002056	0.0002703	0.0002506	0.0002724
30	0.006466	0.0004345	0.007113	0.0004475	0.0007571	0.0002898	0.001435	0.0003175	0.0002202	0.0002715	0.0001736	0.0002693
31	0.006284	0.0004313	0.006243	0.0004302	0.0008464	0.0002958	0.001199	0.0003084	0.0002612	0.000272	0.0001556	0.0002679
32	0.005749	0.0004214	0.006675	0.0004393	0.0007069	0.0002908	0.001303	0.0003122	0.0002071	0.0002721	0.0001238	0.0002675
33	0.006197	0.0004304	0.006514	0.0004361	0.0009495	0.000299	0.001171	0.0003079	0.0002137	0.0002702	0.0001576	0.0002683
34	0.005836	0.0004235	0.006256	0.0004298	0.000928	0.0002989	0.001208	0.0003092	0.0002493	0.0002738	0.0001244	0.0002667
35	0.005402	0.0004156	0.006282	0.0004309	0.0008593	0.0002963	0.001475	0.0003191	0.0002987	0.0002749	0.0001529	0.0002676
36	0.0055	0.0004174	0.005598	0.0004171	0.001044	0.0003034	0.001147	0.0003086	0.0002765	0.0002739	0.0001367	0.0002664
37	0.005577	0.0004184	0.005888	0.0004235	0.001008	0.000302	0.001289	0.0003119	0.0002545	0.000275	0.0001069	0.0002656
38	0.005253	0.000412	0.005646	0.0004194	0.0009194	0.0002945	0.001207	0.0003082	0.0002655	0.0002739	0.000141	0.0002678
39	0.004783	0.0004023	0.005394	0.0004129	0.0009605	0.0003003	0.001458	0.0003163	0.0002003	0.0002717	0.000222	0.0002729
40	0.005029	0.0004073	0.005442	0.0004148	0.0009208	0.0002967	0.001296	0.0003127	0.0001869	0.0002702	0.0001018	0.0002649
41	0.004195	0.0003874	0.005515	0.0004173	0.000951	0.0002994	0.001338	0.0003117	0.000181	0.0002696	0.0001371	0.0002679
42	0.004242	0.0003899	0.005317	0.0004135	0.0008972	0.0002964	0.00134	0.0003142	0.0001691	0.0002688	0.0001219	0.0002678
43	0.004107	0.0003875	0.00512	0.0004101	0.0008992	0.0002978	0.001491	0.0003185	0.0001897	0.0002714	8.169e-05	0.0002648
44	0.003754	0.0003774	0.004645	0.0004001	0.0006722	0.0002857	0.001433	0.0003182	0.0001539	0.0002685	6.826e-05	0.0002643
45	0.003849	0.0003807	0.004261	0.0003897	0.000977	0.0003004	0.001322	0.0003143	0.0002181	0.0002711	9.282e-05	0.0002648
46	0.003556	0.0003738	0.004263	0.0003907	0.0009011	0.0002989	0.001377	0.0003152	0.0001071	0.0002661	7.628e-05	0.0002643
47	0.003883	0.0003828	0.003859	0.0003816	0.0009686	0.0003007	0.001157	0.000308	0.0001865	0.000272	3.702e-05	0.000263
48	0.003523	0.0003724	0.003672	0.0003766	0.0008158	0.0002927	0.001196	0.0003089	0.0001533	0.0002698	7.108e-05	0.0002661
49	0.003084	0.000362	0.003865	0.0003822	0.001069	0.000302	0.001241	0.0003115	0.0001172	0.0002686	8.39e-05	0.0002651
50	0.003063	0.0003603	0.003468	0.0003712	0.0008561	0.0002936	0.001009	0.0003012	6.943e-05	0.0002643	4.88e-05	0.0002637
51	0.002638	0.0003511	0.003409	0.0003717	0.0007145	0.0002901	0.00103	0.0003043	8.379e-05	0.0002651	4.167e-05	0.0002633
52	0.003262	0.0003675	0.003075	0.0003611	0.000981	0.000301	0.0008068	0.0002941	0.0001038	0.0002679	2.247e-05	0.0002626
53	0.002587	0.0003514	0.003147	0.0003646	0.0006724	0.0002883	0.0009473	0.0003005	4.483e-05	0.0002638	4.49e-05	0.0002631
54	0.002564	0.0003519	0.003061	0.0003622	0.000667	0.0002904	0.0009416	0.0003015	0.0001087	0.0002681	8.906e-05	0.0002672
55	0.00245	0.0003445	0.002703	0.0003526	0.0007133	0.0002885	0.001005	0.000303	3.617e-05	0.0002631	1.883e-05	0.0002623
56	0.00251	0.0003482	0.002455	0.0003473	0.0008073	0.0002958	0.0008084	0.0002963	5.338e-05	0.0002643	4.1e-05	0.0002635
57	0.002073	0.0003329	0.002214	0.0003366	0.0005145	0.0002833	0.0006875	0.0002893	7.185e-05	0.0002644	4.285e-05	0.0002635
58	0.001982	0.0003346	0.002468	0.000346	0.0006433	0.0002854	0.0008433	0.0002973	3.871e-05	0.0002637	8.723e-06	0.0002618
59	0.001684	0.0003257	0.002427	0.0003446	0.0004582	0.0002818	0.0007117	0.000291	5.07e-05	0.0002647	2.167e-05	0.0002632
60	0.002124	0.0003358	0.002356	0.0003451	0.0007049	0.0002882	0.0007064	0.0002928	4.793e-05	0.0002636	3.232e-05	0.0002632
61	0.001973	0.000333	0.001975	0.000333	0.0007148	0.0002916	0.0006109	0.0002886	6.098e-05	0.0002646	1.916e-05	0.0002624
62	0.001865	0.0003289	0.002182	0.0003405	0.0006219	0.0002882	0.0008121	0.0002972	4.157e-05	0.0002636	7.282e-05	0.0002652
63	0.002084	0.0003363	0.002111	0.0003376	0.0005449	0.0002834	0.0007756	0.0002948	6.975e-05	0.0002658	2.35e-05	0.0002624
64	0.001782	0.0003278	0.002344	0.0003447	0.0005594	0.0002867	0.000617	0.0002856	0.0001049	0.0002659	0.0001098	0.0002661
65	0.001592	0.0003195	0.002088	0.0003352	0.0005007	0.0002813	0.0006606	0.0002893	2.657e-05	0.0002627	2.254e-05	0.0002626
66	0.001256	0.0003065	0.001615	0.0003213	0.0004114	0.0002789	0.0004719	0.0002809	0	0.0002618	0	0.0002616
67	0.001564	0.0003226	0.00181	0.0003282	0.0005223	0.0002853	0.0005168	0.0002836	0	0.0002618	0	0.0002616
68	0.001322	0.0003124	0.001747	0.0003251	0.0005494	0.0002856	0.0004834	0.0002796	0	0.0002618	0	0.0002616
69	0.001428	0.0003162	0.001689	0.0003231	0.0005182	0.0002844	0.0005356	0.0002842	0	0.0002618	0	0.0002616
70	0.001075	0.0003046	0.001536	0.0003186	0.0004833	0.0002842	0.0005031	0.0002816	0	0.0002618	0	0.0002616
71	0.001451	0.0003161	0.001466	0.0003186	0.0004656	0.0002796	0.000528	0.0002863	0	0.0002618	0	0.0002616
72	0.001328	0.0003144	0.001409	0.0003158	0.0004268	0.0002793	0.0004649	0.0002826	0	0.0002618	0	0.0002616
73	0.001299	0.0003137	0.001359	0.0003144	0.0005023	0.0002849	0.0004246	0.0002807	0	0.0002618	0	0.0002616
74	0.00114	0.0003049	0.001312	0.000314	0.0003868	0.0002775	0.0004793	0.0002839	0	0.0002618	0	0.0002616
75	0.001009	0.0003024	0.001115	0.0003063	0.0003611	0.000279	0.0004707	0.0002828	0	0.0002618	0	0.0002616
76	0.001191	0.0003102	0.0009426	0.0002994	0.0003114	0.0002764	0.0003614	0.0002783	0	0.0002618	0	0.0002616
77	0.001062	0.0003045	0.001067	0.0003025	0.0003602	0.0002763	0.0003324	0.0002747	0	0.0002618	0	0.0002616
78	0.0009624	0.0003	0.001073	0.0003035	0.0003116	0.000274	0.0004112	0.00028	0	0.0002618	0	0.0002616
79	0.0008763	0.0002961	0.000968	0.0003003	0.0003614	0.0002783	0.0003292	0.0002759	0	0.0002618	0	0.0002616
80	0.0009974	0.0003014	0.0009122	0.000294	0.0003629	0.0002762	0.0002812	0.0002718	0	0.0002618	0	0.0002616
