E bin	Re	Re_er	Rw	Rw_er	Re_1	Re_1er	Rw_1	Rw_1er	Re_2	Re_2er	Rw_2	Rw_2er	
1	0.001021	0.0002939	0.0008962	0.0002844	-6.944e-06	0.0002746	1.635e-05	0.0002738	5.567e-05	0.0002744	2.713e-05	0.0002733
2	0.01531	0.0003959	0.002491	0.0002984	2.594e-06	0.000274	2.588e-05	0.0002738	0.0002763	0.0002761	0.0001209	0.0002742
3	0.1659	0.000835	0.0461	0.0004971	1.754e-05	0.0002742	-3.127e-06	0.000276	0.001337	0.000285	0.0003023	0.0002759
4	0.3679	0.001098	0.2458	0.0009206	-4.991e-06	0.0002754	6.144e-05	0.0002737	0.007821	0.0003216	0.001691	0.000289
5	0.4863	0.001186	0.4038	0.001094	0.000103	0.0002759	0.0001026	0.0002765	0.01757	0.000362	0.009362	0.0003213
6	0.5632	0.001219	0.4779	0.001138	0.00104	0.0002859	0.0007258	0.000282	0.02308	0.0003809	0.01793	0.0003626
7	0.6081	0.001232	0.5215	0.001156	0.004036	0.0003042	0.00311	0.0002969	0.02423	0.0003912	0.02083	0.0003769
8	0.6374	0.001244	0.5454	0.001159	0.008493	0.0003228	0.00698	0.0003123	0.02333	0.0003868	0.02052	0.0003723
9	0.6538	0.001241	0.5607	0.001165	0.01241	0.0003407	0.01067	0.0003303	0.02186	0.0003823	0.01949	0.0003622
10	0.6576	0.001241	0.5671	0.001165	0.01552	0.0003511	0.01433	0.0003515	0.01945	0.0003717	0.01706	0.0003579
11	0.6579	0.001232	0.5663	0.001162	0.01832	0.0003617	0.01649	0.0003543	0.01759	0.0003653	0.01509	0.0003522
12	0.6492	0.001224	0.5578	0.001151	0.02008	0.0003708	0.01837	0.0003613	0.01568	0.000356	0.01337	0.0003423
13	0.6313	0.001204	0.5458	0.001138	0.02096	0.0003744	0.0196	0.0003738	0.01374	0.0003467	0.01201	0.0003362
14	0.6095	0.001186	0.5307	0.001121	0.02202	0.0003776	0.01973	0.0003784	0.01212	0.0003421	0.01049	0.0003318
15	0.5837	0.001162	0.5068	0.001103	0.02091	0.000381	0.02005	0.0003729	0.01094	0.0003367	0.0092	0.0003274
16	0.5492	0.00113	0.4832	0.001077	0.02088	0.0003738	0.01958	0.0003721	0.009315	0.0003308	0.008281	0.0003228
17	0.5167	0.001099	0.455	0.001044	0.01971	0.0003761	0.01886	0.0003714	0.008181	0.0003247	0.007167	0.000317
18	0.4788	0.00107	0.4247	0.001018	0.01864	0.0003746	0.01748	0.0003711	0.007204	0.0003294	0.006417	0.0003164
19	0.4389	0.001026	0.394	0.0009912	0.01729	0.0003682	0.01654	0.0003732	0.006485	0.0003212	0.005389	0.0003126
20	0.3959	0.0009878	0.3587	0.0009493	0.01606	0.0003633	0.01522	0.0003626	0.005766	0.0003142	0.004824	0.0003075
21	0.3527	0.0009414	0.3243	0.0009165	0.01399	0.0003602	0.01332	0.0003669	0.004908	0.0003106	0.004227	0.0003068
22	0.31	0.0009005	0.2886	0.0008726	0.0126	0.0003516	0.01195	0.0003579	0.003964	0.0003073	0.003319	0.0003046
23	0.2665	0.0008524	0.2533	0.0008352	0.01086	0.0003452	0.01067	0.0003498	0.003343	0.0003088	0.00298	0.0003051
24	0.225	0.0008085	0.2199	0.0007974	0.009155	0.0003424	0.008712	0.000352	0.002677	0.0003075	0.002439	0.0002983
25	0.1835	0.000761	0.1848	0.0007556	0.007569	0.0003374	0.007148	0.0003478	0.002232	0.0003031	0.001989	0.0002969
26	0.1481	0.0007139	0.1538	0.0007214	0.006033	0.0003337	0.005693	0.0003479	0.00206	0.000297	0.001637	0.0002928
27	0.1132	0.0006745	0.1269	0.0006811	0.004706	0.0003362	0.004656	0.0003384	0.001479	0.0002984	0.001222	0.0002911
28	0.08321	0.0006215	0.1013	0.0006533	0.003534	0.0003304	0.003639	0.0003352	0.001013	0.000296	0.0008721	0.0002871
29	0.05734	0.0005828	0.07703	0.0006159	0.002433	0.0003202	0.002424	0.0003386	0.0008739	0.0002908	0.0005958	0.0002908
30	0.03659	0.0005409	0.05807	0.0005896	0.001847	0.000321	0.00153	0.0003408	0.0006526	0.00029	0.0004713	0.0002862
31	0.02229	0.0005092	0.04306	0.000548	0.001067	0.000319	0.001308	0.0003315	0.0004999	0.000291	0.0003484	0.0002837
32	0.01317	0.0004753	0.02981	0.0005287	0.0008768	0.000311	0.0007608	0.0003356	0.0003649	0.0002865	0.0003343	0.0002833
33	0.006784	0.0004708	0.02044	0.0005076	0.0004093	0.0003193	0.0007995	0.0003286	0.00028	0.0002869	0.0001862	0.0002831
34	0.003898	0.0004581	0.0137	0.0004924	0.0003747	0.0003173	0.0005816	0.0003303	0.00013	0.0002868	0.0001918	0.0002813
35	0.002669	0.0004466	0.008894	0.0004776	0.0003372	0.0003149	0.0003373	0.0003379	5.36e-05	0.0002899	0.0001119	0.0002818
36	0.001538	0.0004472	0.005752	0.000459	0.0002138	0.0003214	0.0005849	0.000327	4.329e-05	0.0002889	0.0001125	0.0002805
37	0.001475	0.0004474	0.003552	0.0004552	0.0002209	0.0003192	0.0004975	0.0003296	6.219e-05	0.0002871	0.00011	0.0002797
38	0.00138	0.0004396	0.002473	0.0004493	0.0001908	0.0003163	0.0006734	0.0003291	5.229e-05	0.0002861	3.742e-05	0.0002812
39	0.001701	0.0004303	0.001738	0.0004428	0.00027	0.0003172	0.0003916	0.0003378	0.0001609	0.0002847	3.665e-05	0.0002849
40	0.00115	0.0004372	0.001349	0.0004424	0.0003314	0.0003185	0.0004859	0.0003319	8.195e-05	0.0002846	9.278e-05	0.0002784
41	0.001688	0.0004208	0.0007137	0.0004441	0.0002706	0.0003181	0.0003839	0.0003342	0.0001575	0.0002853	9.001e-05	0.000281
42	0.001856	0.0004189	0.0007571	0.0004408	0.000273	0.000315	0.0004657	0.0003346	0.0001269	0.0002833	3.606e-05	0.0002811
43	0.001585	0.0004164	0.0004526	0.000438	0.0002838	0.0003146	4.17e-05	0.0003384	0.0001332	0.0002838	0.0001041	0.0002783
44	0.001388	0.0004093	0.001025	0.0004268	0.0005101	0.0003087	0.0002426	0.0003356	0.0001172	0.0002829	8.315e-05	0.0002775
45	0.001473	0.0004093	0.001403	0.0004184	0.0002454	0.0003178	0.0004974	0.0003347	2.065e-05	0.0002855	5.584e-05	0.0002778
46	0.001504	0.0004035	0.0008413	0.0004186	0.0004126	0.0003165	0.0002296	0.0003337	9.691e-05	0.00028	6.812e-05	0.0002771
47	0.0008357	0.0004099	0.0009477	0.0004097	0.0002016	0.0003186	0.0004032	0.0003272	5.871e-05	0.0002836	8.325e-05	0.0002758
48	0.001047	0.0004033	0.001264	0.0004034	0.0003931	0.0003131	0.0004394	0.0003284	6.523e-05	0.0002813	6.756e-05	0.0002764
49	0.001281	0.0003904	0.0008922	0.0004089	0.0001486	0.0003223	0.0004067	0.0003311	3.306e-05	0.0002793	2.716e-05	0.0002776
50	0.001134	0.0003937	0.001021	0.0003987	0.0002517	0.0003152	0.0004339	0.0003218	7.495e-05	0.0002771	4.077e-05	0.0002759
51	0.001445	0.0003782	0.001031	0.0003969	0.000482	0.000308	0.0004477	0.0003208	6.08e-05	0.0002783	5.526e-05	0.0002757
52	0.0003092	0.0003914	0.0008862	0.0003909	0.0001165	0.0003172	0.000581	0.0003142	1.425e-06	0.0002784	5.063e-05	0.0002747
53	0.0007236	0.0003765	0.000856	0.0003898	0.0003064	0.0003079	0.0003754	0.0003178	4.714e-05	0.0002759	3.089e-05	0.0002752
54	0.0007242	0.0003761	0.0007149	0.0003874	0.0003508	0.0003077	0.0004183	0.0003189	-2.59e-05	0.0002784	1.165e-05	0.0002779
55	0.000654	0.000372	0.0009775	0.0003797	0.0002347	0.0003073	0.0002703	0.00032	3.089e-05	0.0002751	3.066e-05	0.0002741
56	0.000619	0.0003741	0.00103	0.000372	0.0002052	0.0003131	0.0003687	0.0003119	-8.932e-06	0.0002762	1.329e-05	0.0002754
57	0.0009636	0.0003589	0.001085	0.0003684	0.0004701	0.0003011	0.0004691	0.0003083	-1.896e-06	0.0002765	3.408e-06	0.0002753
58	0.0009865	0.0003588	0.0007537	0.0003731	0.0003144	0.0003067	0.0002616	0.0003145	3.065e-05	0.0002757	3.479e-05	0.0002737
59	0.001199	0.00035	0.0007518	0.0003692	0.0005389	0.0002986	0.0004416	0.0003087	1.134e-05	0.0002764	4.68e-05	0.0002751
60	0.0005046	0.0003595	0.0008708	0.0003685	0.0001256	0.0003068	0.0004841	0.000309	5.302e-06	0.0002754	2.961e-05	0.0002752
61	0.0006443	0.000356	0.001017	0.0003587	0.0002543	0.0003092	0.0003691	0.0003047	-6.748e-06	0.0002765	6.159e-05	0.0002746
62	0.0007173	0.0003514	0.0007566	0.0003636	0.0003613	0.0003035	0.0002945	0.0003139	2.896e-05	0.0002756	6.621e-06	0.0002776
63	0.0002909	0.0003586	0.0008093	0.0003612	0.0002876	0.000301	0.0002202	0.0003115	2.654e-05	0.0002779	6.979e-05	0.0002749
64	0.0006657	0.0003502	0.0004525	0.0003665	0.0003324	0.0003009	0.0003401	0.0003066	3.355e-05	0.0002792	2.922e-05	0.0002794
65	0.000669	0.0003447	0.0006031	0.0003596	0.0002665	0.0002998	0.0003539	0.0003068	1.358e-05	0.0002744	2.555e-05	0.0002746
66	0.00091	0.000335	0.0007889	0.0003464	0.0003566	0.0002973	0.0004425	0.0003013	0	0.0002732	0	0.000273
67	0.0005715	0.000343	0.0004777	0.0003505	0.0001941	0.0002997	0.0003535	0.0002999	0	0.0002732	0	0.000273
68	0.0006724	0.0003341	0.0004825	0.0003493	0.0001394	0.0003006	0.0003836	0.0002987	0	0.0002732	0	0.000273
69	0.0004886	0.0003377	0.0006016	0.0003471	0.0001682	0.0002997	0.0003006	0.0002998	0	0.0002732	0	0.000273
70	0.0008139	0.0003265	0.0006078	0.0003425	0.0001743	0.0002985	0.0002369	0.0003	0	0.0002732	0	0.000273
71	0.0003422	0.0003389	0.0005575	0.0003377	0.0001868	0.0002977	0.0001908	0.0002995	0	0.0002732	0	0.000273
72	0.0004032	0.000333	0.0005859	0.0003374	0.0001507	0.0002965	0.0001803	0.000297	0	0.0002732	0	0.000273
73	0.0002646	0.0003322	0.0005307	0.0003344	1.405e-05	0.0002982	0.0002295	0.0002956	0	0.0002732	0	0.000273
74	0.0003618	0.0003254	0.0003935	0.0003326	0.0001274	0.0002937	0.0001173	0.000298	0	0.0002732	0	0.000273
75	0.0005771	0.0003225	0.0006283	0.0003264	0.0002288	0.0002934	0.0001835	0.0002975	0	0.0002732	0	0.000273
76	0.0003692	0.0003282	0.0006119	0.0003182	0.0002556	0.0002908	0.0001868	0.0002909	0	0.0002732	0	0.000273
77	0.0003077	0.0003244	0.0004312	0.0003272	0.0001241	0.0002924	0.0002251	0.0002925	0	0.0002732	0	0.000273
78	0.0003781	0.0003198	0.0003677	0.0003242	0.0001629	0.0002905	0.000127	0.0002942	0	0.0002732	0	0.000273
79	0.0004043	0.0003152	0.0004925	0.0003199	0.0001607	0.0002919	0.0001927	0.0002917	0	0.0002732	0	0.000273
80	0.0002586	0.0003199	0.0003944	0.0003186	9.151e-05	0.000292	0.000212	0.0002886	0	0.0002732	0	0.000273
