14086
14087
14080
14081
14082
14083
14088
14077
14078
14079
14084
14085
14099
14098
14100
14089
14091
14090
14093
14092
14095
14094
14097
14096
14137
14136
14138
14127
14129
14128
14131
14130
14133
14132
14135
14134
14148
14149
14150
14142
14143
14144
14145
14151
14139
14140
14141
14146
14147
14162
14161
14164
14152
14154
14153
14156
14155
14158
14157
14160
14159
14178
14179
14170
14171
14172
14174
14180
14166
14167
14168
14175
14176
14191
14192
14185
14186
14187
14188
14193
14182
14183
14184
14189
14190
14204
14203
14205
14194
14196
14195
14198
14197
14200
14199
14202
14201
14217
14216
14218
14206
14208
14207
14210
14209
14212
14213
14211
14215
14214
14235
14236
14227
14228
14229
14230
14237
14224
14225
14226
14231
14232
14247
14248
14241
14242
14243
14244
14249
14238
14239
14240
14245
14246
14260
14259
14261
14250
14252
14251
14254
14253
14256
14255
14258
14257
14365
14366
14359
14360
14361
14362
14367
14356
14357
14358
14363
14364
14379
14378
14380
14368
14370
14369
14373
14371
14375
14374
14377
14376
14407
14408
14400
14401
14402
14403
14409
14397
14398
14399
14405
14406
14420
14419
14418
14410
14412
14411
14414
14413
14416
14415
14418
14417
14547
14546
14548
14535
14538
14536
14537
14540
14541
14539
14543
14542
14545
14544
14560
14561
14552
14553
14554
14555
14556
14557
14562
14549
14550
14551
14558
14559
14573
14572
14574
14563
14565
14564
14567
14566
14569
14568
14571
14570
14589
14590
14579
14580
14581
14582
14583
14585
14591
14575
14577
14578
14587
14588
14603
14602
14604
14592
14595
14593
14594
14597
14596
14599
14598
14601
14600
14615
14616
14609
14610
14611
14612
14617
14605
14606
14608
14613
14614
14628
14627
14629
14618
14620
14619
14622
14621
14624
14623
14626
14625
14640
14641
14633
14634
14635
14636
14642
14630
14631
14632
14637
14639
14652
14653
14646
14647
14648
14649
14654
14643
14644
14645
14650
14651
14666
14665
14667
14655
14658
14657
14660
14659
14662
14661
14664
14663
14703
14701
14702
14704
14688
14690
14689
14692
14691
14698
14693
14700
14699
14715
14716
14709
14710
14711
14712
14717
14705
14707
14708
14713
14714
14729
14728
14730
14718
14721
14719
14720
14723
14722
14725
14724
14727
14726
14756
14757
14748
14749
14750
14751
14752
14753
14758
14731
14732
14733
14734
14754
14755
14768
14769
14762
14763
14764
14765
14770
14759
14760
14761
14766
14767
14781
14780
14782
14771
14773
14772
14775
14774
14777
14776
14779
14778
14897
14898
14891
14892
14893
14894
14899
14888
14889
14890
14895
14896
14910
14909
14911
14900
14902
14901
14904
14903
14906
14905
14908
14907
14921
14922
14915
14916
14917
14918
14923
14912
14913
14914
14919
14920
14966
14965
14967
14955
14957
14956
14960
14959
14962
14961
14964
14963
14978
14979
14971
14972
14973
14974
14975
14980
14968
14969
14970
14976
14977
14993
14991
14994
14981
14984
14982
14983
14986
14985
14988
14987
14990
14989
15124
15125
15116
15117
15118
15119
15126
15102
15112
15114
15115
15122
15123
15136
15137
15130
15131
15132
15133
15138
15127
15128
15129
15134
15135
15149
15148
15150
15139
15141
15140
15143
15142
15145
15144
15147
15146
15191
15193
15179
15181
15183
15185
15195
15172
15175
15177
15187
15189
15210
15209
15211
15200
15202
15201
15204
15203
15206
15205
15208
15207
15243
15244
15237
15238
15239
15240
15245
15234
15235
15236
15241
15242
15256
15255
15257
15246
15248
15247
15250
15249
15252
15251
15254
15267
15268
15261
15262
15263
15264
15271
15258
15259
15260
15265
15266
15282
15281
15283
15272
15274
15273
15276
15275
15278
15277
15280
15279
15295
15294
15296
15285
15287
15286
15289
15288
15291
15290
15293
15292
15300
15301
15302
15297
15298
15299
15309
15310
15311
15312
15313
15314
15315
15316
15317
15318
15319
15330
15331
15323
15324
15325
15326
15327
15332
15320
15321
15322
15328
15329
15342
15343
15336
15337
15338
15339
15344
15333
15334
15335
15340
15341
15355
15354
15356
15345
15347
15346
15349
15348
15351
15350
15353
15352
15461
15460
15462
15448
15450
15449
15455
15451
15457
15456
15459
15458
15475
15476
15469
15470
15471
15472
15477
15466
15467
15468
15473
15474
15498
15497
15499
15488
15490
15489
15492
15491
15494
15493
15496
15495
15509
15510
15503
15504
15505
15506
15511
15500
15501
15502
15507
15508
15521
15522
15515
15516
15517
15518
15523
15512
15513
15514
15519
15520
15538
15537
15539
15524
15526
15525
15529
15527
15534
15532
15536
15535
15549
15550
15543
15544
15545
15546
15551
15540
15541
15542
15547
15548
15562
15561
15563
15552
15554
15553
15556
15555
15558
15557
15560
15559
15574
15573
15575
15564
15566
15565
15568
15567
15570
15569
15572
15571
15586
15587
15580
15581
15582
15583
15590
15577
15578
15579
15584
15585
15601
15600
15602
15591
15593
15592
15595
15594
15597
15596
15599
15598
15612
15613
15606
15607
15608
15609
15614
15603
15604
15605
15610
15611
15626
15625
15627
15615
15617
15616
15620
15619
15622
15621
15624
15623
15637
15638
15631
15632
15633
15634
15639
15628
15629
15630
15635
15636
15677
15676
15678
15667
15669
15668
15671
15670
15673
15672
15675
15674
15688
15689
15682
15683
15684
15685
15690
15679
15680
15681
15686
15687
15700
15701
15694
15695
15696
15697
15702
15691
15692
15693
15698
15699
15713
15712
15714
15703
15705
15704
15707
15706
15709
15708
15711
15710
15725
15724
15726
15715
15717
15716
15719
15718
15721
15720
15723
15722
15737
15738
15731
15732
15733
15734
15739
15727
15728
15730
15735
15736
15749
15750
15743
15744
15745
15746
15751
15740
15741
15742
15747
15748
15762
15761
15763
15752
15754
15753
15756
15755
15758
15757
15760
15759
15773
15774
15767
15768
15769
15770
15775
15764
15765
15766
15771
15772
15788
15787
15789
15778
15780
15779
15782
15781
15784
15783
15786
15785
15800
15799
15801
15790
15792
15791
15794
15793
15796
15795
15798
15797
15815
15816
15805
15806
15807
15812
15817
15802
15803
15804
15813
15814
15827
15828
15821
15822
15823
15824
15829
15818
15819
15820
15825
15826
15840
15839
15841
15830
15832
15831
15834
15833
15836
15835
15838
15837
15852
15851
15853
15842
15844
15843
15846
15845
15848
15847
15850
15849
15863
15864
15857
15858
15859
15860
15865
15854
15855
15856
15861
15862
15877
15876
15878
15867
15869
15868
15871
15870
15873
15872
15875
15874
15888
15889
15882
15883
15884
15885
15890
15879
15880
15881
15886
15887
15900
15901
15894
15895
15896
15897
15903
15891
15892
15893
15898
15899
15914
15913
15915
15904
15906
15905
15908
15907
15910
15909
15912
15911
15952
15953
15946
15947
15948
15949
15954
15943
15944
15945
15950
15951
15965
15964
15966
15955
15957
15956
15959
15958
15961
15960
15963
15962
16107
16106
16108
16097
16099
16098
16101
16100
16103
16102
16105
16104
16118
16119
16112
16113
16114
16115
16120
16109
16110
16111
16116
16117
16131
16130
16132
16121
16123
16122
16125
16124
16127
16126
16129
16128
16142
16143
16136
16137
16138
16139
16144
16133
16134
16135
16140
16141
16154
16155
16148
16149
16150
16151
16156
16145
16146
16147
16152
16153
16167
16166
16168
16157
16159
16158
16161
16160
16163
16162
16165
16164
16179
16178
16180
16169
16171
16170
16173
16172
16175
16174
16177
16176
16190
16191
16184
16185
16186
16187
16189
16181
16182
16183
16188
16189
16202
16203
16196
16197
16198
16199
16204
16193
16194
16195
16200
16201
16205
16206
16207
16208
16209
16210
16211
16212
16213
16214
16215
16216
