0.1	0	0	0	0	0	0	0	0	0	0	0	0
0.3	0	0	0	0	0	0	0	0	0	0	0	0
0.5	1.7455e-06	0.00132118	3.06229e-08	0.000174994	1.77613e-06	0.00133271	1.65364e-06	0.00128594	6.12458e-08	0.000247479	1.71488e-06	0.00130954
0.5  0.982759  1047.42  0.964286   1050.96
0.7	1.62301e-05	0.00402866	1.0718e-06	0.00103528	1.73019e-05	0.00415956	1.42703e-05	0.0037776	7.96195e-07	0.000892298	1.50665e-05	0.00388155
0.7  0.938053  324.152  0.947154   349.869
0.9	5.54887e-05	0.00744907	2.75606e-06	0.00166014	5.82447e-05	0.00763182	4.42195e-05	0.00664977	2.5417e-06	0.00159427	4.67612e-05	0.00683821
0.9  0.952681  178.715  0.945645   198.36
1.1	9.42879e-05	0.00971019	5.02215e-06	0.00224102	9.931e-05	0.00996544	7.95889e-05	0.00892126	4.37907e-06	0.00209262	8.3968e-05	0.0091634
1.1  0.94943  136.518  0.947848   148.283
1.3	0.000134894	0.0116144	8.05382e-06	0.00283793	0.000142948	0.0119561	0.000111437	0.0105564	6.92077e-06	0.00263074	0.000118357	0.0108792
1.3  0.943659  113.274  0.941527   124.277
1.5	0.000163465	0.0127853	9.15624e-06	0.00302593	0.000172621	0.0131385	0.000137925	0.0117442	1.00137e-05	0.00316444	0.000147939	0.012163
1.5  0.946958  103.347  0.932312   110.351
1.7	0.000179175	0.0133856	1.3076e-05	0.00361607	0.000192251	0.0138654	0.000147694	0.012153	1.08099e-05	0.00328784	0.000158504	0.0125898
1.7  0.931985  96.7771  0.931801   106.567
1.9	0.000190505	0.0138024	1.49133e-05	0.00386178	0.000205418	0.0143324	0.0001578	0.0125618	1.35966e-05	0.00368735	0.000171396	0.0130918
1.9  0.9274  93.2824  0.920672   101.573
2.1	0.0001932	0.0138996	1.819e-05	0.00426497	0.00021139	0.0145393	0.000161107	0.0126928	1.79144e-05	0.00423254	0.000179021	0.0133799
2.1  0.91395  90.9672  0.899932   97.7285
2.3	0.000185973	0.0136372	2.20179e-05	0.00469232	0.000207991	0.0144219	0.000159943	0.0126469	2.27528e-05	0.00476999	0.000182696	0.0135165
2.3  0.89414  90.2375  0.875461   94.7999
2.5	0.000186983	0.0136742	2.97042e-05	0.00545016	0.000216688	0.0147203	0.000149501	0.0122271	3.09291e-05	0.0055614	0.00018043	0.0134324
2.5  0.862917  86.1319  0.828581   91.6369
2.7	0.000174612	0.0132141	4.02691e-05	0.00634579	0.000214881	0.0146588	0.000151736	0.0123181	4.2229e-05	0.00649838	0.000193965	0.0139271
2.7  0.812598  82.7923  0.782286   84.7831
2.9	0.000164047	0.0128081	5.53968e-05	0.0074429	0.000219444	0.0148136	0.000137405	0.011722	5.40188e-05	0.00734975	0.000191424	0.0138356
2.9  0.747558  77.1572  0.717805   80.2588
3.1	0.000154003	0.0124098	6.6911e-05	0.00817992	0.000220914	0.0148632	0.000132199	0.0114978	6.90546e-05	0.00830991	0.000201254	0.0141864
3.1  0.697117  73.1808  0.656878   73.5386
3.3	0.000142488	0.0119368	8.0232e-05	0.00895723	0.00022272	0.0149238	0.000117561	0.0108426	8.17019e-05	0.00903891	0.000199263	0.0141161
3.3  0.639764  68.631  0.58998   68.6121
3.5	0.000127942	0.0113112	0.000102587	0.0101285	0.000230529	0.0151832	0.00011159	0.0105636	0.000100014	0.0100007	0.000211604	0.0145466
3.5  0.554995  61.1851  0.527352   61.6961
3.7	0.000114009	0.0106775	0.000112447	0.0106041	0.000226456	0.0150485	9.93407e-05	0.00996698	0.000116153	0.0107774	0.000215493	0.0146797
3.7  0.503448  57.8135  0.460992   55.9054
3.9	0.000106384	0.0103143	0.000127942	0.0113112	0.000234326	0.0153077	9.33998e-05	0.00966436	0.000128279	0.011326	0.000221679	0.0148889
3.9  0.453999  53.0761  0.421329   51.9751
4.1	9.80851e-05	0.00990379	0.000140406	0.0118493	0.000238491	0.0154432	7.83027e-05	0.00884888	0.000140988	0.0118738	0.000219291	0.0148085
4.1  0.411274  49.3327  0.357073   47.0078
4.3	8.94188e-05	0.00945615	0.000145949	0.0120809	0.000235368	0.0153417	7.30968e-05	0.00854967	0.000152686	0.0123566	0.000225783	0.0150261
4.3  0.379912  47.1947  0.323749   43.5674
4.5	8.00482e-05	0.00894697	0.000157524	0.0125509	0.000237572	0.0154134	6.68804e-05	0.00817804	0.000161076	0.0126916	0.000227957	0.0150982
4.5  0.336943  43.5448  0.293391   40.8001
4.7	6.81666e-05	0.0082563	0.000160862	0.0126831	0.000229029	0.0151337	6.23788e-05	0.00789803	0.000164476	0.0128248	0.000226854	0.0150617
4.7  0.297633  41.065  0.274973   39.3117
4.9	6.45837e-05	0.0080364	0.000163342	0.0127806	0.000227926	0.0150972	5.46619e-05	0.00739337	0.00016864	0.0129862	0.000223302	0.0149433
4.9  0.283353  39.943  0.244789   36.94
5.1	6.07252e-05	0.00779264	0.000171151	0.0130825	0.000231877	0.0152275	5.19364e-05	0.00720669	0.000167323	0.0129354	0.00021926	0.0148074
5.1  0.261886  37.7518  0.236871   36.5544
5.3	5.71117e-05	0.00755723	0.000166099	0.0128879	0.00022321	0.0149402	4.55669e-05	0.00675032	0.000170416	0.0130544	0.000215983	0.0146964
5.3  0.255865  37.942  0.210974   34.3931
5.5	5.14465e-05	0.00717262	0.000163557	0.0127889	0.000215003	0.014663	4.22902e-05	0.00650309	0.000165854	0.0128784	0.000208144	0.0144272
5.5  0.239282  37.1379  0.203178   34.2706
5.7	4.42807e-05	0.00665437	0.000156146	0.0124958	0.000200427	0.0141572	3.77274e-05	0.00614226	0.000158412	0.0125862	0.00019614	0.014005
5.7  0.220932  36.6857  0.19235   34.1952
5.9	4.33926e-05	0.00658731	0.000149715	0.0122358	0.000193108	0.0138963	3.57675e-05	0.0059806	0.000149072	0.0122095	0.00018484	0.0135956
5.9  0.224707  37.7506  0.193506   35.3477
6.1	3.95035e-05	0.00628518	0.000146255	0.0120936	0.000185758	0.0136293	3.15416e-05	0.00561619	0.000146684	0.0121113	0.000178225	0.0133501
6.1  0.212661  37.2597  0.176976   34.1866
6.3	3.4757e-05	0.00589551	0.000137864	0.0117416	0.000172621	0.0131385	2.83262e-05	0.00532223	0.000137221	0.0117141	0.000165547	0.0128665
6.3  0.201348  37.4336  0.171106   34.7912
6.5	3.18478e-05	0.00564339	0.000130882	0.0114404	0.00016273	0.0127566	2.57845e-05	0.00507784	0.00013076	0.011435	0.000156544	0.0125118
6.5  0.195709  37.9214  0.16471   35.0067
6.7	2.92755e-05	0.00541068	0.000119736	0.0109424	0.000149011	0.012207	2.52333e-05	0.00502327	0.000122645	0.0110745	0.000147878	0.0121605
6.7  0.196465  39.7177  0.170636   36.7531
6.9	2.60295e-05	0.00510191	0.000113978	0.0106761	0.000140008	0.0118325	2.33653e-05	0.00483376	0.000114897	0.010719	0.000138262	0.0117585
6.9  0.185914  39.6832  0.168992   37.7996
7.1	2.55701e-05	0.00505669	0.000104853	0.0102398	0.000130423	0.0114203	2.18035e-05	0.00466942	0.000106415	0.0103157	0.000128218	0.0113233
7.1  0.196055  42.4022  0.17005   39.3927
7.3	2.51108e-05	0.00501106	0.000101974	0.0100982	0.000127085	0.0112732	1.99967e-05	0.00447177	0.000101209	0.0100603	0.000121205	0.0110093
7.3  0.19759  43.1509  0.164982   39.8215
7.5	2.15279e-05	0.00463982	9.45941e-05	0.00972595	0.000116122	0.010776	1.85268e-05	0.00430428	9.35836e-05	0.00967386	0.00011211	0.0105882
7.5  0.18539  43.5028  0.165255   41.4444
7.7	2.09154e-05	0.00457334	8.79796e-05	0.00937974	0.000108895	0.0104353	1.5832e-05	0.00397895	8.6479e-05	0.00929941	0.000102311	0.0101149
7.7  0.19207  45.8539  0.154744   41.7916
7.9	1.83737e-05	0.00428646	8.28349e-05	0.00910137	0.000101209	0.0100603	1.64139e-05	0.0040514	7.98033e-05	0.00893327	9.62171e-05	0.00980903
7.9  0.181543  46.0369  0.170592   45.5571
8.1	1.79756e-05	0.00423977	7.44749e-05	0.00862988	9.24505e-05	0.00961512	1.45765e-05	0.00381792	7.79965e-05	0.00883156	9.2573e-05	0.00962149
8.1  0.194435  50.1204  0.157459   44.3706
8.3	1.62608e-05	0.00403246	7.01264e-05	0.00837415	8.63872e-05	0.00929447	1.46684e-05	0.00382993	7.29131e-05	0.00853892	8.75815e-05	0.0093585
8.3  0.188231  50.8829  0.167483   47.2502
8.5	1.56177e-05	0.00395192	6.96671e-05	0.00834668	8.52848e-05	0.00923497	1.24329e-05	0.00352603	6.82584e-05	0.00826187	8.06913e-05	0.00898283
8.5  0.183124  50.4025  0.15408   46.9437
8.7	1.39028e-05	0.00372864	6.09702e-05	0.00780834	7.4873e-05	0.00865292	1.11774e-05	0.00334326	6.19195e-05	0.00786889	7.30968e-05	0.00854967
8.7  0.185685  54.2264  0.152912   49.1099
8.9	1.32903e-05	0.00364559	6.23788e-05	0.00789803	7.56692e-05	0.0086988	1.13305e-05	0.00336608	5.98984e-05	0.0077394	7.12288e-05	0.00843972
8.9  0.175637  52.2379  0.159071   50.8772
9.1	1.2831e-05	0.00358204	5.44781e-05	0.00738093	6.73091e-05	0.00820421	1.13917e-05	0.00337516	5.26714e-05	0.0072575	6.40631e-05	0.00800394
9.1  0.190628  58.069  0.17782   57.1776
9.3	1.17286e-05	0.0034247	5.15383e-05	0.00717902	6.32669e-05	0.00795405	1.00137e-05	0.00316444	5.2702e-05	0.00725961	6.27157e-05	0.00791932
9.3  0.185382  58.9353  0.159668   54.336
9.5	1.23716e-05	0.00351734	4.95785e-05	0.0070412	6.19501e-05	0.00787084	9.61559e-06	0.0031009	4.8721e-05	0.00698004	5.83366e-05	0.00763784
9.5  0.199703  62.1883  0.164829   57.3691
9.7	1.14836e-05	0.00338874	4.74042e-05	0.00688507	5.88878e-05	0.00767384	8.78877e-06	0.00296459	4.72817e-05	0.00687617	5.60705e-05	0.00748802
9.7  0.195008  62.907  0.156745   56.8654
9.9	1.05037e-05	0.00324093	4.50157e-05	0.00670937	5.55193e-05	0.00745113	8.63565e-06	0.00293865	4.71899e-05	0.00686949	5.58255e-05	0.00747165
9.9  0.189189  63.6578  0.15469   56.565
10.1	1.01668e-05	0.00318854	4.19227e-05	0.00647478	5.20895e-05	0.00721731	7.83946e-06	0.0027999	4.42807e-05	0.00665437	5.21202e-05	0.00721943
10.1  0.195179  66.9203  0.150411   57.6188
10.3	9.24811e-06	0.00304107	4.05447e-05	0.00636747	4.97928e-05	0.0070564	7.74759e-06	0.00278345	4.09734e-05	0.00640105	4.8721e-05	0.00698004
10.3  0.185732  66.5048  0.159019   61.5053
10.5	8.17631e-06	0.00285943	3.70537e-05	0.00608717	4.523e-05	0.00672533	7.44136e-06	0.00272789	3.57063e-05	0.00597547	4.31477e-05	0.00656869
10.5  0.180772  68.6966  0.172463   68.4571
10.7	8.14569e-06	0.00285407	3.48182e-05	0.0059007	4.29639e-05	0.00655469	7.74759e-06	0.00278345	3.48489e-05	0.00590329	4.25964e-05	0.0065266
10.7  0.189594  72.4535  0.181884   71.0391
10.9	8.75815e-06	0.00295942	3.44814e-05	0.00587208	4.32395e-05	0.00657568	7.227e-06	0.00268831	3.49407e-05	0.00591107	4.21677e-05	0.00649367
10.9  0.20255  75.0545  0.171387   69
11.1	7.01264e-06	0.00264814	3.27359e-05	0.00572153	3.97485e-05	0.00630464	6.8289e-06	0.00261322	3.31952e-05	0.00576153	4.00241e-05	0.00632646
11.1  0.176425  72.2607  0.17062   70.6418
11.3	7.38012e-06	0.00271664	3.02554e-05	0.00550049	3.76355e-05	0.00613478	5.57337e-06	0.0023608	3.09291e-05	0.0055614	3.65025e-05	0.00604173
11.3  0.196094  78.9435  0.152685   69.4371
11.5	6.79828e-06	0.00260735	2.91836e-05	0.00540219	3.59819e-05	0.00599849	5.84897e-06	0.00241846	2.90611e-05	0.00539084	3.49101e-05	0.00590848
11.5  0.188936  79.0123  0.167544   74.8558
11.7	6.27769e-06	0.00250553	2.88774e-05	0.00537377	3.51551e-05	0.00592917	4.99153e-06	0.00223417	2.8663e-05	0.00535379	3.36546e-05	0.00580125
11.7  0.178571  77.3731  0.148317   71.1384
11.9	6.9514e-06	0.00263655	2.55701e-05	0.00505669	3.25215e-05	0.00570276	5.35901e-06	0.00231495	2.59376e-05	0.0050929	3.12966e-05	0.00559434
11.9  0.213748  89.316  0.171233   80.051
12.1	6.18582e-06	0.00248713	2.75912e-05	0.00525273	3.3777e-05	0.0058118	5.0834e-06	0.00225464	2.52639e-05	0.00502632	3.03473e-05	0.00550884
12.1  0.183137  80.093  0.167508   80.2763
12.3	5.02215e-06	0.00224102	2.3549e-05	0.00485273	2.85712e-05	0.0053452	5.14465e-06	0.00226818	2.55395e-05	0.00505366	3.06841e-05	0.00553933
12.3  0.175777  85.0511  0.167665   79.8772
12.5	5.29776e-06	0.00230169	2.5662e-05	0.00506577	3.09597e-05	0.00556415	5.23651e-06	0.00228834	2.50801e-05	0.00500801	3.03167e-05	0.00550606
12.5  0.171118  80.4543  0.172727   81.7407
12.7	6.09396e-06	0.00246859	2.45596e-05	0.00495576	3.06535e-05	0.00553656	4.44032e-06	0.00210721	2.30284e-05	0.00479879	2.74687e-05	0.00524106
12.7  0.198801  88.1745  0.16165   82.6811
12.9	5.02215e-06	0.00224102	2.27528e-05	0.00476999	2.7775e-05	0.0052702	4.53219e-06	0.00212889	2.26303e-05	0.00475713	2.71625e-05	0.00521177
12.9  0.180816  87.6764  0.166855   84.6628
13.1	5.38963e-06	0.00232156	2.31509e-05	0.00481154	2.85405e-05	0.00534233	4.22596e-06	0.00205571	2.10685e-05	0.00459005	2.52945e-05	0.00502936
13.1  0.188841  88.6909  0.16707   87.7981
13.3	5.23651e-06	0.00228834	2.16198e-05	0.00464971	2.68563e-05	0.0051823	4.04222e-06	0.00201053	2.12829e-05	0.00461334	2.53251e-05	0.00503241
13.3  0.194983  93.1443  0.159613   85.4899
13.5	4.96091e-06	0.00222731	2.04561e-05	0.00452284	2.5417e-05	0.00504153	4.10347e-06	0.0020257	2.06398e-05	0.00454311	2.47433e-05	0.00497426
13.5  0.195181  95.8017  0.165842   88.397
13.7	4.74655e-06	0.00217866	1.84962e-05	0.00430072	2.32428e-05	0.00482108	4.19534e-06	0.00204825	1.91087e-05	0.00437135	2.3304e-05	0.00482742
13.7  0.204216  102.862  0.180026   95.4769
13.9	4.13409e-06	0.00203325	1.87106e-05	0.00432557	2.28447e-05	0.00477961	4.34845e-06	0.00208529	1.91087e-05	0.00437135	2.34571e-05	0.00484326
13.9  0.180965  96.7216  0.185379   96.7879
14.1	4.25658e-06	0.00206315	1.77919e-05	0.00421804	2.20485e-05	0.00469558	3.85848e-06	0.0019643	1.83737e-05	0.00428646	2.22322e-05	0.00471511
14.1  0.193056  102.207  0.173554   95.7143
14.3	4.53219e-06	0.00212889	1.73632e-05	0.00416691	2.18954e-05	0.00467925	3.27665e-06	0.00181015	1.77307e-05	0.00421078	2.10073e-05	0.00458337
14.3  0.206993  106.82  0.155977   92.6444
14.5	3.55226e-06	0.00188474	1.80369e-05	0.00424699	2.15891e-05	0.00464641	3.39914e-06	0.00184368	1.73938e-05	0.00417059	2.07929e-05	0.00455993
14.5  0.164539  94.2093  0.163476   95.6417
14.7	3.95035e-06	0.00198755	1.63832e-05	0.00404762	2.03336e-05	0.00450928	3.58288e-06	0.00189285	1.7945e-05	0.00423616	2.15279e-05	0.00463982
14.7  0.194277  106.821  0.16643   94.9607
14.9	3.55226e-06	0.00188474	1.59851e-05	0.00399814	1.95374e-05	0.00442011	3.42976e-06	0.00185196	1.63832e-05	0.00404762	1.9813e-05	0.00445118
14.9  0.181818  104.872  0.173107   101.24
15.1	3.27665e-06	0.00181015	1.52196e-05	0.00390123	1.84962e-05	0.00430072	2.90917e-06	0.00170563	1.56177e-05	0.00395192	1.85268e-05	0.00430428
15.1  0.177152  106.181  0.157025   99.0272
15.3	3.3379e-06	0.00182699	1.55258e-05	0.00394028	1.88637e-05	0.00434324	3.55226e-06	0.00188474	1.58933e-05	0.00398664	1.94455e-05	0.00440971
15.3  0.176948  105.072  0.182677   105.406
15.5	3.55226e-06	0.00188474	1.51277e-05	0.00388944	1.868e-05	0.00432203	2.9398e-06	0.00171458	1.49133e-05	0.00386178	1.78531e-05	0.0042253
15.5  0.190164  110.073  0.164666   103.644
15.7	3.85848e-06	0.0019643	1.36272e-05	0.0036915	1.74857e-05	0.00418159	3.58288e-06	0.00189285	1.47909e-05	0.00384589	1.83737e-05	0.00428646
15.7  0.220666  124.115  0.195   112.617
15.9	3.09291e-06	0.00175867	1.34128e-05	0.00366235	1.65057e-05	0.00406273	2.78668e-06	0.00166934	1.4209e-05	0.00376949	1.69957e-05	0.00412258
15.9  0.187384  116.103  0.163964   105.968
16.1	2.75606e-06	0.00166014	1.45459e-05	0.00381391	1.73019e-05	0.00415956	2.05173e-06	0.00143239	1.38722e-05	0.00372454	1.59239e-05	0.00399048
16.1  0.159292  103.311  0.128846   95.5715
16.3	3.12353e-06	0.00176735	1.37497e-05	0.00370806	1.68732e-05	0.0041077	2.51108e-06	0.00158464	1.39334e-05	0.00373275	1.64445e-05	0.00405518
16.3  0.185118  114.027  0.1527   103.459
16.5	2.90917e-06	0.00170563	1.33822e-05	0.00365817	1.62914e-05	0.00403626	2.48045e-06	0.00157495	1.34741e-05	0.0036707	1.59545e-05	0.00399431
16.5  0.178571  113.659  0.15547   106.111
16.7	2.97042e-06	0.00172349	1.22492e-05	0.00349988	1.52196e-05	0.00390123	2.48045e-06	0.00157495	1.17286e-05	0.0034247	1.4209e-05	0.00376949
16.7  0.195171  123.8  0.174569   120.127
16.9	2.66419e-06	0.00163224	1.16979e-05	0.00342023	1.43621e-05	0.00378974	2.48045e-06	0.00157495	1.22492e-05	0.00349988	1.47296e-05	0.00383792
16.9  0.185501  123.741  0.168399   115.577
17.1	2.75606e-06	0.00166014	1.20654e-05	0.00347353	1.48215e-05	0.00384987	2.5417e-06	0.00159427	1.24329e-05	0.00352603	1.49746e-05	0.0038697
17.1  0.18595  121.979  0.169734   115.146
17.3	2.9398e-06	0.00171458	1.19123e-05	0.00345142	1.48521e-05	0.00385384	2.32734e-06	0.00152556	1.21573e-05	0.00348673	1.44846e-05	0.00380587
17.3  0.197938  126.354  0.160677   113.469
17.5	2.78668e-06	0.00166934	1.21267e-05	0.00348234	1.49133e-05	0.00386178	2.02111e-06	0.00142166	1.17286e-05	0.0034247	1.37497e-05	0.00370806
17.5  0.186858  121.946  0.146993   110.735
17.7	2.08236e-06	0.00144304	1.23716e-05	0.00351734	1.4454e-05	0.00380184	2.29672e-06	0.00151549	1.12998e-05	0.00336152	1.35966e-05	0.00368735
17.7  0.144068  106.786  0.168919   120.508
17.9	2.84793e-06	0.00168758	1.06874e-05	0.00326916	1.35353e-05	0.00367904	2.05173e-06	0.00143239	1.20042e-05	0.0034647	1.40559e-05	0.00374912
17.9  0.210407  137.171  0.145969   109.091
18.1	2.81731e-06	0.00167848	1.17898e-05	0.00343363	1.46071e-05	0.00382193	1.92924e-06	0.00138897	1.10242e-05	0.00332028	1.29535e-05	0.00359909
18.1  0.192872  125.502  0.148936   114.936
18.3	2.1436e-06	0.0014641	9.46247e-06	0.00307611	1.16061e-05	0.00340677	2.11298e-06	0.00145361	1.02587e-05	0.00320292	1.23716e-05	0.00351734
18.3  0.184697  137.306  0.170792   127.133
18.5	2.51108e-06	0.00158464	1.06568e-05	0.00326447	1.31678e-05	0.00362875	2.32734e-06	0.00152556	1.01362e-05	0.00318374	1.24635e-05	0.00353037
18.5  0.190698  131.316  0.186732   133.342
18.7	2.87855e-06	0.00169663	1.00137e-05	0.00316444	1.28922e-05	0.00359058	1.80675e-06	0.00134415	1.00749e-05	0.0031741	1.18817e-05	0.00344698
18.7  0.223278  145.553  0.152062   121.425
18.9	1.868e-06	0.00136675	9.24811e-06	0.00304107	1.11161e-05	0.00333408	1.77613e-06	0.00133271	9.55434e-06	0.00309101	1.13305e-05	0.00336608
18.9  0.168044  132.882  0.156757   126.506
19.1	2.35796e-06	0.00153557	9.82995e-06	0.00313527	1.21879e-05	0.00349112	9.4931e-07	0.000974325	1.04424e-05	0.00323147	1.13917e-05	0.00337516
19.1  0.193467  137.64  0.0833333   89.0217
19.3	2.05173e-06	0.00143239	8.6969e-06	0.00294905	1.07486e-05	0.00327851	1.89862e-06	0.0013779	9.7687e-06	0.00312549	1.16673e-05	0.00341575
19.3  0.190883  145.426  0.16273   127.347
19.5	2.20485e-06	0.00148487	9.46247e-06	0.00307611	1.16673e-05	0.00341575	2.35796e-06	0.00153557	9.30936e-06	0.00305112	1.16673e-05	0.00341575
19.5  0.188976  138.773  0.2021   144.3
19.7	2.32734e-06	0.00152556	8.63565e-06	0.00293865	1.0963e-05	0.00331104	1.89862e-06	0.0013779	8.17631e-06	0.00285943	1.00749e-05	0.0031741
19.7  0.212291  153.216  0.18845   149.096
19.9	2.1436e-06	0.0014641	9.4931e-06	0.00308109	1.16367e-05	0.00341126	1.43928e-06	0.0011997	7.65572e-06	0.0027669	9.095e-06	0.00301579
19.9  0.184211  136.917  0.158249   141.961
20.1	0.000111069	0.0105389	0.000507421	0.022526	0.000618491	0.0248695	9.26649e-05	0.00962626	0.000520222	0.0228084	0.000612887	0.0247565
20.1  0.179581  18.5066  0.151194   16.852
