E bin	Re	Re_er	Rw	Rw_er	Re_1	Re_1er	Rw_1	Rw_1er	Re_2	Re_2er	Rw_2	Rw_2er	
1	0.001595	0.0004294	0.000792	0.0005018	-1.085e-05	0.0002706	2.393e-05	0.0002696	0.000138	0.0002727	7.385e-05	0.0002715
2	0.01335	0.0003674	0.002655	0.0002961	3.659e-06	0.0002705	2.005e-06	0.0002713	0.0002057	0.000277	9.856e-05	0.0002732
3	0.1351	0.0007424	0.06171	0.0005326	1.157e-05	0.0002708	2.007e-05	0.0002711	0.0006403	0.0002754	0.0002657	0.0002721
4	0.3114	0.00101	0.2524	0.0009017	5.298e-05	0.0002721	6.141e-05	0.0002708	0.005061	0.000305	0.0008797	0.0002764
5	0.4386	0.001122	0.391	0.001057	0.0003422	0.0002755	0.0003141	0.0002741	0.01584	0.0003493	0.005948	0.0003066
6	0.5259	0.00117	0.4731	0.001106	0.001908	0.0002862	0.001221	0.0002799	0.02234	0.0003741	0.01499	0.0003455
7	0.5831	0.001196	0.5238	0.001133	0.004461	0.000303	0.003683	0.0002961	0.02419	0.0003825	0.01964	0.0003646
8	0.6181	0.001209	0.5563	0.001152	0.008421	0.0003174	0.006882	0.0003094	0.02323	0.000383	0.02057	0.0003729
9	0.6454	0.001215	0.5729	0.001153	0.01207	0.000331	0.01025	0.0003223	0.02181	0.0003732	0.01948	0.0003592
10	0.6532	0.001213	0.5827	0.001158	0.0148	0.0003435	0.0135	0.0003407	0.01981	0.0003636	0.01729	0.0003529
11	0.6559	0.001215	0.5854	0.001155	0.01748	0.0003543	0.0159	0.000345	0.01765	0.0003623	0.01571	0.0003484
12	0.6519	0.001202	0.5785	0.001148	0.01959	0.0003622	0.01752	0.0003551	0.01589	0.0003534	0.01383	0.0003414
13	0.6399	0.001193	0.57	0.001135	0.0208	0.0003681	0.01921	0.0003621	0.01395	0.0003444	0.01218	0.0003325
14	0.6197	0.001172	0.5497	0.001118	0.02168	0.0003731	0.01948	0.0003717	0.01254	0.0003363	0.01123	0.0003271
15	0.594	0.001152	0.5254	0.001095	0.02126	0.0003764	0.01969	0.0003658	0.011	0.0003324	0.009649	0.0003242
16	0.562	0.001121	0.5001	0.001074	0.02093	0.0003753	0.01961	0.0003643	0.009716	0.0003281	0.008384	0.0003207
17	0.532	0.001092	0.4734	0.001045	0.02002	0.0003699	0.01873	0.0003686	0.008259	0.0003224	0.007663	0.0003152
18	0.4939	0.00106	0.4388	0.001014	0.01891	0.0003719	0.01768	0.0003639	0.007543	0.0003177	0.006655	0.0003146
19	0.4535	0.001021	0.4022	0.0009769	0.01791	0.0003667	0.01658	0.0003681	0.006791	0.0003204	0.00583	0.0003073
20	0.4124	0.0009879	0.3681	0.0009398	0.01634	0.0003588	0.01503	0.0003581	0.00576	0.000314	0.005004	0.0003046
21	0.3696	0.0009394	0.3269	0.0009032	0.01436	0.0003581	0.01376	0.0003578	0.005216	0.0003044	0.004648	0.0003012
22	0.3249	0.0008985	0.2879	0.0008584	0.01323	0.0003497	0.01196	0.0003533	0.004245	0.0003045	0.003661	0.0003022
23	0.2815	0.0008534	0.2496	0.0008164	0.01125	0.0003459	0.01051	0.0003482	0.003557	0.0003047	0.003457	0.0003001
24	0.2398	0.0008135	0.2085	0.0007733	0.009485	0.0003402	0.008636	0.0003446	0.002993	0.0003018	0.002543	0.0002985
25	0.1964	0.0007583	0.1735	0.0007429	0.00788	0.0003338	0.007322	0.0003425	0.00243	0.0002997	0.002188	0.0002931
26	0.1582	0.0007224	0.1384	0.0007002	0.006163	0.0003341	0.005831	0.0003397	0.002023	0.0002975	0.001811	0.0002927
27	0.1238	0.0006719	0.107	0.0006626	0.005086	0.0003312	0.004406	0.0003406	0.001722	0.0002923	0.001656	0.0002855
28	0.09093	0.0006301	0.07837	0.0006276	0.003596	0.0003288	0.00377	0.0003259	0.001181	0.000294	0.001028	0.0002906
29	0.06415	0.0005792	0.0539	0.0005821	0.002573	0.0003198	0.002444	0.0003326	0.001034	0.0002872	0.000761	0.0002861
30	0.04212	0.0005481	0.03421	0.0005611	0.001743	0.0003176	0.001717	0.0003322	0.0006621	0.0002886	0.0005878	0.000283
31	0.02578	0.0005156	0.01941	0.0005306	0.001174	0.0003208	0.001047	0.0003318	0.000513	0.0002881	0.0004159	0.000283
32	0.01461	0.0004901	0.01148	0.0005029	0.000758	0.0003153	0.0007071	0.000332	0.0003803	0.0002852	0.0003628	0.0002796
33	0.007832	0.0004719	0.005898	0.0004942	0.0004497	0.0003154	0.0006671	0.0003261	0.0004061	0.0002825	0.0002872	0.0002811
34	0.004727	0.0004484	0.003187	0.0004825	0.000552	0.0003113	0.0005995	0.0003246	0.0002204	0.0002832	0.0001804	0.0002789
35	0.002541	0.0004527	0.002473	0.0004692	0.000196	0.0003199	0.0006374	0.0003245	7.484e-05	0.0002844	0.0001426	0.0002773
36	0.001671	0.0004416	0.00159	0.0004719	0.0002975	0.0003148	0.0004358	0.0003276	6.307e-05	0.0002861	0.0001271	0.0002779
37	0.001221	0.0004436	0.001133	0.0004691	0.0001576	0.0003209	0.0006716	0.0003262	7.085e-05	0.0002825	7.578e-05	0.0002785
38	0.001483	0.0004376	0.001291	0.000462	0.0002733	0.0003215	0.0003953	0.0003342	5.024e-05	0.0002814	0.000131	0.0002752
39	0.001508	0.0004263	0.0007839	0.000461	0.0001361	0.0003214	0.0003667	0.0003267	9.687e-05	0.0002824	3.819e-05	0.0002785
40	0.001699	0.0004207	0.001519	0.0004453	0.0003237	0.0003177	0.0006602	0.0003255	0.0001072	0.0002796	0.000103	0.0002791
41	0.0008693	0.0004344	0.001099	0.0004446	0.0002434	0.0003187	0.0004778	0.0003269	4.899e-05	0.0002825	6.059e-05	0.0002768
42	0.001449	0.0004138	0.001095	0.0004418	0.0004598	0.0003117	0.0002946	0.0003289	0.000132	0.0002811	8.431e-05	0.0002783
43	0.001159	0.0004206	0.0004703	0.0004431	0.0005013	0.0003113	0.0001016	0.0003367	0.0001648	0.0002785	3.769e-05	0.0002772
44	0.0011	0.0004146	0.000916	0.0004363	0.0004505	0.0003173	0.0003297	0.0003307	7.545e-05	0.00028	0.0001343	0.0002729
45	0.001458	0.0004036	0.0006039	0.0004324	0.0003711	0.0003189	0.000257	0.000329	0.0001029	0.0002793	4.844e-05	0.0002753
46	0.0007066	0.0004157	0.001209	0.000415	9.041e-05	0.0003222	0.0004458	0.000327	6.891e-05	0.0002806	9.941e-05	0.0002742
47	0.001518	0.0003967	0.001016	0.0004185	0.0003455	0.0003186	0.0004777	0.0003229	5.197e-05	0.0002786	7.288e-05	0.0002727
48	0.0007656	0.0004071	0.001416	0.0004034	0.0003738	0.0003149	0.0005763	0.0003204	6.217e-05	0.0002763	5.157e-05	0.0002733
49	0.0009854	0.0003995	0.001149	0.0004046	0.0003054	0.0003173	0.0005778	0.0003176	6.036e-05	0.0002769	5.883e-05	0.0002732
50	0.0009097	0.0003938	0.0007287	0.0004052	0.0002442	0.0003158	0.0004235	0.0003158	8.092e-05	0.0002758	7.045e-05	0.000274
51	0.001155	0.0003792	0.00136	0.0003901	0.0003554	0.000311	0.0003887	0.0003155	3.439e-05	0.0002749	6.899e-05	0.0002736
52	0.0006282	0.0003869	0.001301	0.0003866	0.0001631	0.000315	0.0004917	0.0003144	-1.996e-06	0.0002766	5.695e-05	0.0002721
53	0.0005527	0.0003888	0.0008504	0.0003917	0.0003627	0.0003076	0.0003455	0.0003125	4.31e-05	0.0002741	3.53e-05	0.0002723
54	0.001205	0.0003673	0.0008625	0.0003813	0.0004063	0.0003062	0.0002668	0.000314	-1.272e-05	0.0002748	5.663e-05	0.000272
55	0.001002	0.0003729	0.00104	0.0003759	0.0003168	0.0003113	0.0004722	0.0003088	4.658e-05	0.0002717	-8.253e-06	0.0002746
56	0.0008133	0.00037	0.001126	0.0003742	0.000368	0.000306	0.0004438	0.00031	2.933e-06	0.0002738	2.533e-05	0.0002718
57	0.001	0.0003635	0.0008808	0.0003777	0.0004308	0.0003026	0.000325	0.0003094	-5.554e-06	0.0002722	6.356e-05	0.0002717
58	0.0008541	0.0003694	0.001326	0.0003644	0.0004325	0.0003023	0.0005194	0.000303	2.661e-05	0.0002726	4.198e-05	0.0002714
59	0.000686	0.0003663	0.0007504	0.0003723	0.0002315	0.0003073	0.0003799	0.0003016	4.365e-05	0.000272	2.136e-05	0.0002727
60	0.0009047	0.0003608	0.0008444	0.0003671	0.0002298	0.0003072	0.000442	0.0003054	-7.217e-06	0.0002736	2.424e-05	0.0002721
61	0.0009214	0.0003544	0.0004594	0.0003681	0.0003702	0.0003067	0.0002368	0.0003033	4.567e-05	0.0002717	5.855e-05	0.0002718
62	0.0006782	0.0003603	0.0005998	0.0003668	0.0004106	0.0002981	0.0003265	0.0003053	1.565e-05	0.0002743	2.923e-05	0.0002736
63	0.0006706	0.0003538	0.0006803	0.0003624	0.000359	0.0002983	0.0003145	0.0003063	1.294e-06	0.0002742	2.633e-05	0.000275
64	0.0006799	0.0003536	0.0004448	0.0003662	0.000224	0.0003023	0.0004118	0.0002985	1.474e-05	0.0002771	3.288e-05	0.0002783
65	0.0006784	0.0003493	0.0008004	0.0003596	0.0003586	0.0002964	0.0003963	0.000302	3.801e-05	0.000272	5.151e-05	0.0002706
66	0.0004681	0.000353	0.0007542	0.0003463	0.0001374	0.0003024	0.0003711	0.0002935	0	0.0002697	0	0.0002694
67	0.0005691	0.0003403	0.0008421	0.000347	0.0002423	0.0002929	0.0003276	0.0003009	0	0.0002697	0	0.0002694
68	0.0005591	0.0003381	0.0004488	0.000348	0.0001476	0.0002958	0.0001602	0.0002983	0	0.0002697	0	0.0002694
69	0.0004523	0.0003427	0.0006851	0.0003423	0.0001329	0.0002961	0.0003268	0.0002936	0	0.0002697	0	0.0002694
70	0.0006065	0.000334	0.0005544	0.0003454	0.0001674	0.0002984	0.000256	0.0002916	0	0.0002697	0	0.0002694
71	0.0004572	0.0003335	0.0007506	0.0003362	7.886e-05	0.0002949	0.0002527	0.0002929	0	0.0002697	0	0.0002694
72	0.0004129	0.0003367	0.0006038	0.0003353	0.0001338	0.0002968	0.0001725	0.0002936	0	0.0002697	0	0.0002694
73	0.000653	0.0003306	0.0006182	0.0003362	0.0002199	0.0002921	0.0002933	0.0002906	0	0.0002697	0	0.0002694
74	0.000646	0.0003305	0.0006405	0.0003339	0.0001974	0.0002903	0.0001661	0.0002921	0	0.0002697	0	0.0002694
75	0.0003681	0.0003279	0.0004331	0.0003329	0.0001154	0.0002903	7.411e-05	0.0002942	0	0.0002697	0	0.0002694
76	0.0004884	0.0003256	0.0006951	0.0003225	0.0002024	0.0002884	0.0002344	0.0002867	0	0.0002697	0	0.0002694
77	0.0004817	0.000321	0.00048	0.0003255	0.0001728	0.0002884	0.0001361	0.0002897	0	0.0002697	0	0.0002694
78	0.0002738	0.0003283	0.0004912	0.0003261	0.000108	0.000294	0.0001829	0.0002861	0	0.0002697	0	0.0002694
79	0.0005069	0.00032	0.0005513	0.0003227	0.0002322	0.000285	0.0002868	0.0002857	0	0.0002697	0	0.0002694
80	0.000554	0.0003147	0.0007722	0.0003148	0.0002715	0.0002843	0.000235	0.0002877	0	0.0002697	0	0.0002694
