0.5  1  0.816497  1   0.632456
0.7  0.930233  0.204346  0.923077   0.213346
0.9  0.95  0.101448  0.964706   0.10559
1.1  0.956522  0.0736513  0.959302   0.0739178
1.3  0.962069  0.0570488  0.946789   0.0581551
1.5  0.950276  0.0505945  0.942857   0.0524847
1.7  0.950913  0.046019  0.940582   0.048037
1.9  0.940299  0.0441028  0.93914   0.0437143
2.1  0.924429  0.0395382  0.93021   0.0414312
2.3  0.903061  0.038228  0.890323   0.0393846
2.5  0.907905  0.0375731  0.877988   0.0368689
2.7  0.882485  0.0352628  0.851493   0.0356711
2.9  0.83526  0.0332806  0.807631   0.034066
3.1  0.804441  0.032246  0.737705   0.0309067
3.3  0.741473  0.0296783  0.720309   0.0295094
3.5  0.685248  0.0280188  0.657515   0.0273497
3.7  0.644928  0.0264358  0.566687   0.0233598
3.9  0.575739  0.0236353  0.558673   0.0235659
4.1  0.526775  0.0216366  0.492197   0.0209964
4.3  0.489914  0.0205112  0.447429   0.0192372
4.5  0.439912  0.0186867  0.38407   0.0170295
4.7  0.40515  0.0172962  0.361384   0.0159371
4.9  0.365087  0.015766  0.318205   0.014544
5.1  0.330932  0.015056  0.303726   0.0142173
5.3  0.292766  0.0136009  0.277539   0.0130032
5.5  0.269752  0.0126543  0.246582   0.0120384
5.7  0.233667  0.0117246  0.238183   0.0116337
5.9  0.234022  0.0117802  0.213713   0.0107465
6.1  0.22723  0.0114421  0.205094   0.0105089
6.3  0.220355  0.0113621  0.184136   0.0101463
6.5  0.202878  0.010644  0.175956   0.00976264
6.7  0.19526  0.0109654  0.177694   0.00994476
6.9  0.194972  0.0109335  0.175158   0.00999364
7.1  0.185263  0.0107504  0.156025   0.00930542
7.3  0.16978  0.0104462  0.159184   0.00970281
7.5  0.173256  0.0108712  0.154744   0.00952152
7.7  0.159156  0.0102587  0.140728   0.00941246
7.9  0.153005  0.0103496  0.144969   0.00971407
8.1  0.162958  0.0111367  0.149418   0.0102553
8.3  0.163849  0.0111351  0.141097   0.00996003
8.5  0.164956  0.0114687  0.138393   0.0100237
8.7  0.154867  0.0114846  0.147949   0.0106871
8.9  0.144726  0.0116389  0.135115   0.0106706
9.1  0.156529  0.012117  0.141975   0.0111849
9.3  0.139842  0.0118402  0.138389   0.0110984
9.5  0.159649  0.0127437  0.141638   0.011746
9.7  0.128302  0.0116863  0.121212   0.0110058
9.9  0.143785  0.0123515  0.136318   0.0124149
10.1  0.149505  0.0130444  0.138723   0.0125559
10.3  0.124587  0.0124288  0.141053   0.0130161
10.5  0.128555  0.0128473  0.131466   0.0126606
10.7  0.14199  0.014028  0.127451   0.0125112
10.9  0.150794  0.0151506  0.141243   0.0134959
11.1  0.161765  0.0158508  0.119512   0.0127736
11.3  0.135989  0.0145671  0.148438   0.0148986
11.5  0.139912  0.015326  0.145455   0.0152651
11.7  0.161994  0.0171231  0.153401   0.0160017
11.9  0.145833  0.015769  0.140118   0.01535
12.1  0.160473  0.0177361  0.14218   0.0160171
12.3  0.136895  0.0161191  0.140549   0.0160926
12.5  0.157439  0.0177559  0.114983   0.0149449
12.7  0.156729  0.017574  0.139706   0.0171082
12.9  0.131959  0.0175495  0.162879   0.0189401
13.1  0.128736  0.0182768  0.108055   0.0153371
13.3  0.138528  0.0184765  0.134783   0.0182345
13.5  0.14023  0.0191722  0.122449   0.016748
13.7  0.115646  0.0171045  0.140756   0.0183665
13.9  0.135204  0.0197874  0.118834   0.0172658
14.1  0.142222  0.019  0.148837   0.0199412
14.3  0.148248  0.0214203  0.150246   0.0206317
14.5  0.167582  0.023185  0.146096   0.0205369
14.7  0.145161  0.0211391  0.12933   0.0183661
14.9  0.14578  0.0206686  0.132791   0.0201905
15.1  0.117994  0.0197265  0.121622   0.0192012
15.3  0.152104  0.0238142  0.129794   0.0207982
15.5  0.148256  0.0222457  0.133333   0.0209285
15.7  0.12628  0.0220321  0.144295   0.0235389
15.9  0.139683  0.0224806  0.153203   0.022184
16.1  0.129231  0.0211901  0.136223   0.0218905
16.3  0.113971  0.0216047  0.107843   0.0197594
16.5  0.132576  0.0238486  0.133987   0.022283
16.7  0.162698  0.0273984  0.11745   0.0209861
16.9  0.164835  0.0265201  0.128906   0.0238422
17.1  0.152542  0.027294  0.157706   0.0255812
17.3  0.159533  0.0268287  0.116438   0.0210996
17.5  0.149606  0.0260215  0.155797   0.0255426
17.7  0.146154  0.0253828  0.122677   0.0226273
17.9  0.13242  0.0261673  0.175   0.0292706
18.1  0.117949  0.026004  0.139918   0.0256195
18.3  0.178899  0.0311038  0.146245   0.0257406
18.5  0.118483  0.0250612  0.132075   0.0265571
18.7  0.168675  0.0281366  0.131222   0.0259168
18.9  0.132275  0.0281504  0.152709   0.0294472
19.1  0.10396  0.0238361  0.119565   0.0269723
19.3  0.146465  0.0291215  0.167421   0.0297387
19.5  0.15493  0.0289838  0.168605   0.0338458
19.7  0.177143  0.0345189  0.167513   0.0315081
19.9  0.180328  0.0341041  0.15   0.0293684
20.1  0.145835  0.00371789  0.125911   0.00335055
