12.5	0	0	0	0	0	0	0	0	0	0	0	0	0	0	0	0	0	0	0	0	0	0	0	0	0	0
37.5	159.917	12.6458	153.554	12.3917	0	0	0	0	0	0	1.87251	1.3684	8.97664	1.99972	165.15	12.8511	0	0	0	0	0	0	2.62933	1.62152	8.97664	2.9961
62.5	10256.7	101.276	9845.16	99.2228	0	0	2.02085	1.42157	0	0	83.3524	9.12975	269.517	16.2872	9674.39	98.3585	0	0	4.79465	2.18967	1.1091	1.05314	94.1458	9.70287	269.517	16.417
87.5	43774.2	209.223	42228.2	205.495	0	0	77.17	8.78465	12.1393	3.48414	175.644	13.2531	1016.83	32.512	41724.5	204.266	0	0	99.8672	9.99336	9.68551	3.11215	213.986	14.6282	1016.83	31.8877
112.5	65705.6	256.331	63244.6	251.485	0	0	443.579	21.0613	102.431	10.1208	123.045	11.0926	1420.29	37.6466	63090.8	251.179	0	0	415.678	20.3882	115.355	10.7404	170.352	13.0519	1420.29	37.6868
137.5	77033.8	277.55	73896.3	271.839	11.6784	3.41737	584.454	24.1755	330.435	18.1779	99.4353	9.97173	1532.99	38.0731	74089	272.193	6.51428	2.55231	700.801	26.4726	348.152	18.6588	96.5744	9.82723	1532.99	39.1534
162.5	82387	287.031	79063.2	281.182	162.883	12.7626	589.145	24.2723	581.364	24.1115	42.9303	6.55212	1552.57	37.6463	79242.1	281.5	165.388	12.8603	688.597	26.2411	562.864	23.7247	70.5527	8.39957	1552.57	39.4027
187.5	86171.3	293.549	82233.1	286.763	648.906	25.4736	574.272	23.964	675.133	25.9833	58.168	7.6268	1418.47	37.6054	83215.1	288.47	700.983	26.4761	685.624	26.1844	721.076	26.8529	47.5074	6.89256	1418.47	37.6626
212.5	88021.8	296.685	83305.7	288.627	1493.58	38.6468	620.434	24.9085	705.77	26.5663	38.8665	6.2343	1375.38	37.0473	83919.9	289.689	1388.27	37.2595	621.193	24.9237	819.622	28.629	30.2311	5.49828	1375.38	37.0861
237.5	88732.7	297.88	83524	289.005	2275	47.697	554.941	23.5572	767.283	27.6999	26.9194	5.18839	1325.1	35.8509	85251.4	291.978	2147.1	46.3368	617.66	24.8528	802.993	28.3371	24.4523	4.94493	1325.1	36.402
262.5	88539.1	297.555	82993.4	288.086	2899.26	53.8448	426.769	20.6584	660.109	25.6926	28.0083	5.29229	1190.14	35.7439	84915.8	291.403	2749.43	52.435	469.438	21.6665	776.381	27.8636	12.9697	3.60135	1190.14	34.4984
287.5	87731.4	296.195	82148.5	286.616	3249.33	57.0029	383.637	19.5866	586.997	24.228	12.2746	3.50352	1209.96	33.9926	84131	290.053	3159.23	56.207	454.089	21.3094	754.282	27.4642	13.1465	3.62581	1209.96	34.7845
312.5	85782.4	292.886	80345.8	283.453	3526.76	59.3865	271.139	16.4663	608.791	24.6737	10.8298	3.29087	1099.34	32.5944	81789.6	285.989	3541.52	59.5107	358.43	18.9323	652.8	25.55	12.7142	3.5657	1099.34	33.1562
337.5	82289.2	286.861	77105.9	277.679	3596	59.9666	239.087	15.4624	581.325	24.1107	9.16945	3.02811	1025.9	31.1619	78634	280.418	3643.27	60.3595	275.889	16.6099	553.876	23.5346	16.7196	4.08896	1025.9	32.0296
362.5	79889.3	282.647	74797.3	273.491	3715.71	60.9567	169.077	13.003	517.372	22.7458	11.03	3.32115	948.045	30.6413	74629.1	273.183	3722.21	61.0099	238.391	15.4399	532.211	23.0697	9.74158	3.12115	948.045	30.7903
387.5	75309	274.425	70549.7	265.612	3692.48	60.7658	139.405	11.807	414.757	20.3656	2.97799	1.72568	815.252	28.0993	71855	268.058	3778.54	61.4699	178.726	13.3688	478.218	21.8682	6.36785	2.52346	815.252	28.5526
412.5	70143.7	264.847	65715.3	256.35	3412.14	58.4136	121.165	11.0075	421.61	20.5331	6.26357	2.50271	821.535	27.7511	67394	259.603	3525.99	59.38	136.903	11.7005	430.557	20.7499	6.12542	2.47496	821.535	28.6624
437.5	65484.1	255.899	61215	247.417	3411.79	58.4105	81.2147	9.01192	338.36	18.3946	11	3.31662	646.747	26.9554	62072.9	249.144	3566.56	59.7207	135.875	11.6565	371.189	19.2663	4.27777	2.06828	646.747	25.4312
462.5	59830.5	244.603	55906.9	236.446	3124.72	55.8992	76.9211	8.77047	301.036	17.3504	6.34578	2.51908	669.539	26.2169	57176.3	239.116	3228.94	56.8237	84.6143	9.1986	349.107	18.6844	4.94662	2.2241	669.539	25.8755
487.5	54161.6	232.726	50650.7	225.057	2941.77	54.2381	63.9582	7.99739	251.745	15.8665	3.56409	1.88788	542.063	23.6709	51745.5	227.476	3047.29	55.2022	68.0777	8.25092	263.378	16.2289	2.78205	1.66795	542.063	23.2823
512.5	48502.3	220.232	45345.3	212.944	2685.49	51.8217	53.8006	7.33489	242.161	15.5615	3.42641	1.85106	523.196	21.4043	46576.2	215.815	2789.23	52.8131	63.7962	7.98725	237.369	15.4068	3.81845	1.95409	523.196	22.8735
537.5	42461.2	206.061	39653.3	199.131	2365.51	48.6365	41.398	6.43413	221.416	14.88	2.05579	1.4338	453.49	20.9759	40838.5	202.085	2458.02	49.5784	42.0387	6.48373	213.569	14.614	3.26414	1.80669	453.49	21.2953
562.5	36961.3	192.253	34470.5	185.662	2157.8	46.4521	43.7207	6.61217	176.05	13.2684	2.8793	1.69685	364.513	18.4817	35263.5	187.786	2173.08	46.6164	50.0036	7.07132	203.526	14.2662	1.27214	1.12789	364.513	19.0922
587.5	31304.1	176.93	29174.7	170.806	1891.98	43.4969	21.1194	4.59558	149.256	12.217	0	0	297.327	16.4985	29791.4	172.602	1877.67	43.3321	34.4787	5.87185	162.227	12.7368	2.05588	1.43384	297.327	17.2432
612.5	25730.9	160.408	23932	154.7	1617.27	40.2153	23.2116	4.81784	130.326	11.416	2.79567	1.67203	238.851	14.5165	24505.4	156.542	1684.44	41.0419	27.5412	5.24797	128.38	11.3305	0.558719	0.747475	238.851	15.4548
637.5	20826	144.312	19380.8	139.215	1301.47	36.0759	22.2509	4.71709	105.251	10.2592	1.18211	1.08725	192.743	12.8539	19667.6	140.241	1381.04	37.1624	20.9629	4.57852	112.682	10.6152	1.05285	1.02608	192.743	13.8832
662.5	16386	128.008	15177.8	123.198	1098.54	33.1443	16.7928	4.0979	82.0027	9.05553	0.651305	0.807035	152.831	11.8322	15555.4	124.721	1118.67	33.4465	14.4008	3.79484	83.9411	9.16194	0.321456	0.566971	152.831	12.3625
687.5	12342.8	111.098	11377.8	106.667	847.582	29.1133	16.6704	4.08295	67.1173	8.19251	0.421941	0.64957	111.719	10.1809	11703.8	108.184	857.07	29.2758	17.2766	4.15651	84.132	9.17235	0.705073	0.839686	111.719	10.5697
712.5	8981.84	94.7726	8251.37	90.837	636.836	25.2356	13.3779	3.65758	54.0063	7.3489	0.489207	0.699434	73.4124	8.79651	8475.11	92.0604	674.394	25.9691	10.6369	3.26143	70.6553	8.40567	0.53853	0.733846	73.4124	8.5681
737.5	6121.68	78.2412	5616.62	74.9441	449.511	21.2017	11.3815	3.37365	45.292	6.72993	0.14756	0.384135	50.8314	7.12191	5710.82	75.57	481.065	21.9332	5.97224	2.44382	41.114	6.41202	0.00635432	0.079714	50.8314	7.12961
762.5	3899.35	62.4447	3528.95	59.4049	318.861	17.8567	6.11614	2.47308	31.4234	5.60566	0.0286579	0.169286	29.6128	5.43873	3685.77	60.7106	321.825	17.9395	6.17497	2.48495	40.9755	6.40121	0	0	29.6128	5.44177
787.5	2316.38	48.1288	2087.46	45.6888	197.549	14.0552	4.78198	2.18677	25.8203	5.08137	0.0656491	0.256221	19.4177	4.22306	2197.02	46.8724	214.243	14.6371	5.15271	2.26996	24.4499	4.94468	0	0	19.4177	4.40655
812.5	1271.7	35.6609	1138.79	33.746	115.315	10.7385	1.80172	1.34228	19.7677	4.44609	0.0295993	0.172044	10.7095	2.8254	1174.86	34.2762	129.42	11.3763	3.56948	1.88931	16.0382	4.00477	0.184636	0.429693	10.7095	3.27253
837.5	632.338	25.1463	549.297	23.4371	66.2485	8.13932	0.93695	0.967962	10.515	3.24268	0.129929	0.360457	5.34444	2.21268	570.534	23.8858	69.2235	8.32006	1.9671	1.40253	13.8728	3.72462	0	0	5.34444	2.3118
862.5	273.098	16.5257	235.243	15.3376	30.1924	5.49476	1.42596	1.19413	7.14287	2.67262	0	0	2.71273	1.44741	242.808	15.5823	31.9582	5.65316	1.88081	1.37143	4.9305	2.22047	0	0	2.71273	1.64704
887.5	106.657	10.3275	87.854	9.37305	11.7676	3.43039	0.471388	0.686577	3.28771	1.8132	0	0	0.350915	1.03769	92.0619	9.59489	13.1642	3.62824	1.50642	1.22736	5.07882	2.25362	0	0	0.350915	0.592381
912.5	36.9422	6.07801	28.7445	5.36139	5.88839	2.4266	0.908007	0.952894	2.29714	1.51563	0	0	0.189305	0.343263	29.8501	5.46352	5.48595	2.34221	0.62412	0.790013	1.10219	1.04985	0	0	0.189305	0.435092
937.5	10.1029	3.17851	7.4294	2.72569	1.59648	1.26352	0.170454	0.41286	0.993129	0.996558	0	0	0.107686	0.297404	8.51241	2.9176	1.32185	1.14972	0.143139	0.378337	0.698239	0.835607	0	0	0.107686	0.328156
962.5	3.58306	1.8929	2.40215	1.54989	0.520179	0.721235	0.21319	0.461725	0.215666	0.464398	0	0	0	0	1.96314	1.40112	0.398071	0.630928	0.186831	0.43224	0.32687	0.571726	0	0	0	0
987.5	0.513585	0.716648	0.296443	0.544466	0.0626877	0.250375	0.0615693	0.248132	0.00137713	0.0371096	0	0	0	0.0393302	0.423565	0.650819	0.0464441	0.215509	0.0401721	0.20043	0.0773702	0.278155	0	0	0	0
