E bin	Re	Re_er	Rw	Rw_er	Re_1	Re_1er	Rw_1	Rw_1er	Re_2	Re_2er	Rw_2	Rw_2er	
1	0.001272	0.0002945	0.001087	0.0002804	2.559e-06	0.0002637	2.04e-05	0.0002639	6.813e-05	0.0002686	1.766e-05	0.0002635
2	0.02038	0.0004057	0.003579	0.0003025	-1.069e-05	0.0002643	-1.343e-06	0.0002653	0.0003109	0.0002657	0.0001267	0.0002644
3	0.2405	0.0009147	0.07422	0.000544	1.157e-05	0.0002642	1.323e-06	0.0002698	0.001713	0.0002902	0.0003561	0.0002702
4	0.534	0.001235	0.4001	0.001072	9.358e-05	0.0002684	2.189e-05	0.0002652	0.01152	0.0003336	0.002549	0.0002882
5	0.7137	0.001356	0.6697	0.001296	0.0001327	0.0002666	0.0001107	0.0002665	0.02717	0.0003944	0.01398	0.0003342
6	0.8175	0.001402	0.7988	0.001374	0.001558	0.000285	0.001074	0.0002793	0.03483	0.0004162	0.02675	0.0003897
7	0.8835	0.001428	0.8738	0.001413	0.006142	0.0003086	0.004994	0.0003057	0.03667	0.0004195	0.03179	0.000409
8	0.9246	0.001442	0.9245	0.001434	0.01172	0.0003299	0.01108	0.0003243	0.03531	0.0004144	0.03165	0.0004014
9	0.9457	0.00145	0.9523	0.001451	0.01774	0.0003528	0.01732	0.0003526	0.03298	0.0004104	0.02824	0.000391
10	0.9524	0.00145	0.9699	0.001456	0.02218	0.0003693	0.02271	0.0003743	0.02996	0.0003984	0.02618	0.0003869
11	0.9428	0.001433	0.9688	0.001458	0.02586	0.0003824	0.02714	0.0003884	0.02622	0.000385	0.02292	0.000374
12	0.9252	0.001421	0.961	0.001444	0.0285	0.0003973	0.02993	0.0003968	0.02344	0.0003783	0.02033	0.0003652
13	0.9027	0.001403	0.9403	0.001429	0.03	0.0003991	0.03119	0.0004054	0.0209	0.0003697	0.01829	0.0003565
14	0.8729	0.00138	0.9146	0.001409	0.03053	0.0003984	0.03255	0.0004086	0.01835	0.000359	0.01594	0.0003528
15	0.8295	0.001347	0.8779	0.001382	0.02966	0.0004021	0.03242	0.0004101	0.01619	0.0003493	0.0144	0.0003422
16	0.7853	0.001317	0.8376	0.001354	0.02989	0.000401	0.03214	0.0004087	0.01426	0.0003461	0.01236	0.0003352
17	0.7358	0.001279	0.7878	0.001317	0.02816	0.0003957	0.03048	0.0004071	0.01254	0.0003383	0.01077	0.0003327
18	0.6817	0.001228	0.7366	0.001274	0.02673	0.0003903	0.02862	0.0003955	0.01059	0.0003265	0.009496	0.0003219
19	0.6192	0.001182	0.6817	0.001232	0.0252	0.0003895	0.02649	0.0003995	0.009374	0.0003237	0.00858	0.0003188
20	0.5579	0.001132	0.6234	0.001187	0.02217	0.0003818	0.02467	0.0003876	0.008006	0.0003186	0.007357	0.0003186
21	0.4976	0.001078	0.5625	0.001133	0.02056	0.0003743	0.02223	0.0003833	0.006888	0.0003208	0.00637	0.0003156
22	0.4361	0.001027	0.5018	0.001079	0.01778	0.0003747	0.01984	0.0003736	0.005927	0.0003166	0.0053	0.0003103
23	0.3737	0.0009658	0.4398	0.001029	0.01499	0.000361	0.01717	0.0003703	0.005129	0.0003105	0.004447	0.0003083
24	0.3136	0.0009084	0.3813	0.0009769	0.01256	0.000356	0.01445	0.0003612	0.004178	0.0003089	0.003851	0.0003038
25	0.2554	0.0008453	0.3223	0.0009189	0.0101	0.0003504	0.01194	0.0003595	0.003436	0.0003032	0.003146	0.0003009
26	0.2027	0.000792	0.2676	0.0008624	0.008257	0.0003436	0.009366	0.0003584	0.002654	0.0003001	0.002452	0.0002954
27	0.1552	0.0007367	0.2188	0.0008065	0.005918	0.0003413	0.007553	0.0003438	0.001996	0.0002979	0.001995	0.0002961
28	0.1137	0.0006661	0.1722	0.0007495	0.004679	0.0003335	0.005556	0.0003389	0.00139	0.0002981	0.001459	0.0002879
29	0.07733	0.0006256	0.1329	0.0007069	0.003072	0.0003326	0.003672	0.0003436	0.001229	0.0002931	0.001211	0.0002933
30	0.05013	0.0005607	0.09954	0.0006543	0.002161	0.0003219	0.002905	0.0003358	0.001103	0.0002913	0.0007323	0.0002829
31	0.03049	0.0005249	0.07158	0.0006126	0.001176	0.0003214	0.001419	0.0003348	0.0006325	0.0002881	0.000606	0.0002819
32	0.01722	0.0004908	0.05039	0.0005765	0.0009749	0.0003163	0.0009685	0.0003349	0.0004217	0.0002863	0.0004101	0.0002809
33	0.009464	0.000466	0.03438	0.0005429	0.0005825	0.0003114	0.0006156	0.0003347	0.0003585	0.0002863	0.0003393	0.0002785
34	0.005586	0.0004511	0.02257	0.0005088	0.0004482	0.0003078	0.0005623	0.0003304	0.0002593	0.0002825	0.0002579	0.0002783
35	0.002802	0.0004514	0.0149	0.0004788	0.000412	0.0003114	0.0005681	0.0003282	0.0001414	0.0002863	0.0001262	0.0002763
36	0.002419	0.0004375	0.008406	0.0004706	0.0004565	0.0003046	0.0003379	0.0003341	0.0001849	0.0002754	4.274e-05	0.0002772
37	0.001931	0.0004378	0.00548	0.0004529	0.0001808	0.0003143	0.0005432	0.0003292	0.0001066	0.0002738	3.326e-05	0.0002745
38	0.001684	0.0004359	0.003459	0.0004425	0.000357	0.0003143	0.0006142	0.0003285	0.0001143	0.0002813	-4.054e-06	0.0002748
39	0.001659	0.0004386	0.001552	0.0004448	0.0003105	0.0003168	0.0002024	0.000337	0.0001724	0.0002732	6.459e-05	0.0002759
40	0.001577	0.0004314	0.001791	0.0004314	0.0002176	0.0003192	0.000409	0.0003298	-1.248e-05	0.0002752	1.032e-05	0.000273
41	0.001431	0.0004284	0.001057	0.000435	9.909e-05	0.000314	0.0002966	0.0003305	8.995e-05	0.0002829	0.0001052	0.0002719
42	0.001809	0.0004177	0.001296	0.0004275	0.0005127	0.0003087	0.0006315	0.0003281	0.0001725	0.000279	-5.318e-07	0.0002715
43	0.001955	0.000414	0.0007083	0.0004262	0.0003723	0.0003035	0.0004477	0.0003301	4.987e-05	0.0002737	-1.34e-05	0.000278
44	0.002046	0.0004045	0.001282	0.0004226	0.0003173	0.0003156	0.0005512	0.0003314	0.0001423	0.0002772	1.907e-05	0.0002729
45	0.002022	0.0003976	0.00171	0.000404	0.0001933	0.0003048	0.0003091	0.0003315	7.527e-05	0.0002766	0.0001458	0.0002742
46	0.001687	0.0004046	0.0008481	0.0004193	0.0003938	0.0003116	0.0004198	0.0003255	-1.948e-05	0.0002738	5.98e-05	0.0002658
47	0.001724	0.0003957	0.001346	0.0004024	0.0004583	0.0003093	0.0004832	0.0003277	0.0001516	0.0002675	6.378e-05	0.0002674
48	0.0009012	0.0004105	0.001351	0.0004013	0.0002262	0.0003164	0.0003545	0.0003272	4.623e-05	0.0002735	4.173e-05	0.0002732
49	0.001183	0.0003923	0.0006513	0.0004084	0.0002805	0.0003115	0.0003887	0.0003255	5.842e-05	0.0002731	0.0001093	0.0002757
50	0.0008423	0.0003966	0.0013	0.0003939	9.431e-05	0.0003134	0.0003659	0.0003242	6.126e-05	0.0002677	2.625e-05	0.000275
51	0.001107	0.000384	0.001124	0.0003955	0.0003217	0.0003125	0.0004961	0.0003208	4.168e-05	0.0002667	8.124e-05	0.000269
52	0.001357	0.0003696	0.00102	0.0003889	0.0004708	0.0002943	0.0005665	0.0003194	2.988e-05	0.0002714	7.39e-05	0.0002686
53	0.000999	0.0003732	0.00134	0.000376	0.0003547	0.0003076	0.0004075	0.000312	-4.714e-05	0.0002709	5.701e-05	0.0002646
54	0.001056	0.0003662	0.001232	0.000374	0.0003397	0.0003025	0.0002526	0.000313	3.554e-05	0.0002647	-1.042e-07	0.000268
55	0.001093	0.0003617	0.0008924	0.0003818	0.0002214	0.0003054	0.000482	0.0003071	2.038e-05	0.0002655	1.064e-05	0.0002655
56	0.000965	0.000364	0.0006658	0.0003706	0.0002212	0.0003026	0.000175	0.0003142	3.497e-05	0.0002654	1.036e-06	0.0002683
57	0.0009649	0.0003568	0.0006968	0.0003743	0.0002794	0.0003044	0.0002005	0.000316	8.753e-06	0.0002688	8.497e-06	0.0002652
58	0.001046	0.0003447	0.00085	0.0003684	0.0004022	0.0002948	0.0003854	0.000301	7.35e-05	0.0002695	3.152e-05	0.0002646
59	0.001075	0.0003511	0.0009055	0.0003624	0.0004875	0.0002966	0.0003466	0.0003033	2.049e-05	0.0002662	1.64e-05	0.0002659
60	0.0009241	0.0003462	0.001113	0.0003568	0.0003338	0.0002962	0.0003761	0.0003065	3.349e-05	0.0002646	5.413e-05	0.000265
61	0.000821	0.0003469	0.0008193	0.0003599	0.0003708	0.0002965	0.0004136	0.0003067	3.14e-06	0.0002674	5.199e-05	0.0002645
62	0.0008944	0.0003476	0.0007669	0.0003606	0.0003712	0.0003014	0.0003762	0.0003042	8.251e-05	0.000266	4.584e-05	0.0002696
63	0.001032	0.0003428	0.0009996	0.0003557	0.0003162	0.0002976	0.0003159	0.000306	6.934e-05	0.0002699	1.241e-05	0.0002669
64	0.000896	0.0003452	0.0004418	0.0003587	0.0003289	0.0003023	0.0001165	0.0003047	9.297e-05	0.0002716	-2.352e-05	0.0002771
65	0.000736	0.0003435	0.0007359	0.0003486	7.794e-05	0.0003011	0.000306	0.0002996	5.313e-05	0.0002643	1.294e-05	0.0002645
66	0.0005747	0.0003431	0.0003975	0.0003488	0.0002371	0.000299	0.0002143	0.0002981	0	0.0002636	0	0.0002634
67	0.0003404	0.0003403	0.0006686	0.0003419	0.0001157	0.0002958	0.0002485	0.000299	0	0.0002636	0	0.0002634
68	0.0007212	0.0003311	0.0004407	0.0003453	0.0002275	0.0002925	5.478e-05	0.0003023	0	0.0002636	0	0.0002634
69	0.0004693	0.0003298	0.0005238	0.0003422	0.0001139	0.0002856	0.0001336	0.0002989	0	0.0002636	0	0.0002634
70	0.0004487	0.0003285	0.0005941	0.0003374	8.067e-05	0.0002962	0.0001604	0.0002954	0	0.0002636	0	0.0002634
71	0.0006193	0.0003251	0.0006986	0.0003355	0.0001783	0.0002884	0.0003113	0.0002961	0	0.0002636	0	0.0002634
72	0.0004446	0.0003273	0.0006379	0.0003289	0.0002155	0.0002908	0.0003394	0.0002942	0	0.0002636	0	0.0002634
73	0.0001874	0.0003317	0.0008475	0.0003287	0.0001038	0.000292	0.0002975	0.0002938	0	0.0002636	0	0.0002634
74	0.0007216	0.000318	0.0003634	0.0003316	0.0002098	0.0002826	0.0002308	0.0002919	0	0.0002636	0	0.0002634
75	0.0004669	0.000316	0.0003202	0.0003315	0.0001127	0.0002855	0.0001188	0.0002973	0	0.0002636	0	0.0002634
76	0.0006355	0.0003145	0.0004446	0.0003264	0.0001803	0.0002827	0.0001383	0.0002908	0	0.0002636	0	0.0002634
77	0.0006934	0.0003126	0.0002948	0.0003261	9.342e-05	0.0002879	0.0002024	0.0002886	0	0.0002636	0	0.0002634
78	0.0004534	0.0003172	0.0004095	0.0003211	0.0001012	0.0002836	9.649e-05	0.0002925	0	0.0002636	0	0.0002634
79	0.0004827	0.0003147	0.0004141	0.0003138	0.0002313	0.0002796	0.0002484	0.0002751	0	0.0002636	0	0.0002634
80	0.0004327	0.0003133	0.0003387	0.0003165	7.316e-05	0.0002848	0.0001863	0.0002885	0	0.0002636	0	0.0002634
